1	[(1, 0, 7, 7, 2, 2), (1, 2, 16, 18, 4, 4), (1, 2, 19, 23, 2, 2), (3, 2, 13, 12, 8, 7)]	-13.7677	65
2	[(1, 2, 16, 18, 4, 4), (1, 2, 19, 23, 2, 2), (3, 2, 13, 12, 8, 7)]	-13.4774	47
3	[(1, 0, 6, 10, 1, 1), (1, 2, 16, 18, 4, 4), (1, 2, 19, 23, 2, 2), (3, 2, 13, 12, 8, 7)]	-13.4677	57
4	[(1, 0, 7, 7, 2, 2), (1, 2, 16, 18, 4, 4), (1, 2, 19, 23, 2, 2), (3, 2, 13, 12, 7, 6)]	-13.3674	27
5	[(1, 0, 7, 7, 2, 2), (1, 2, 16, 18, 4, 4), (1, 2, 19, 23, 1, 1), (3, 2, 13, 12, 8, 7)]	-13.1698	23
6	[(1, 2, 16, 18, 4, 4), (1, 2, 19, 23, 2, 2), (3, 2, 13, 12, 7, 6)]	-13.0771	21
7	[(1, 0, 6, 10, 1, 1), (1, 2, 16, 18, 4, 4), (1, 2, 19, 23, 2, 2), (3, 2, 13, 12, 7, 6)]	-13.0674	20
8	[(1, 0, 7, 7, 2, 2), (1, 2, 19, 23, 7, 9), (3, 2, 13, 12, 8, 7)]	-12.9174	31
9	[(1, 2, 16, 18, 4, 4), (1, 2, 19, 23, 1, 1), (3, 2, 13, 12, 8, 7)]	-12.8789	21
10	[(1, 0, 6, 10, 1, 1), (1, 2, 16, 18, 4, 4), (1, 2, 19, 23, 1, 1), (3, 2, 13, 12, 8, 7)]	-12.8697	17
11	[(1, 0, 7, 7, 2, 2), (1, 2, 16, 18, 3, 3), (1, 2, 19, 23, 2, 2), (3, 2, 13, 12, 8, 7)]	-12.7847	27
12	[(1, 0, 7, 7, 2, 2), (1, 2, 16, 18, 4, 4), (1, 2, 19, 23, 1, 1), (3, 2, 13, 12, 7, 6)]	-12.7694	14
13	[(1, 0, 7, 7, 2, 2), (1, 2, 16, 18, 4, 4), (1, 2, 19, 23, 2, 2), (3, 2, 8, 8, 3, 3), (3, 2, 13, 12, 3, 3)]	-12.6283	17
14	[(1, 2, 19, 23, 7, 9), (3, 2, 13, 12, 8, 7)]	-12.6182	24
15	[(1, 0, 6, 10, 1, 1), (1, 2, 19, 23, 7, 9), (3, 2, 13, 12, 8, 7)]	-12.6174	18
16	[(1, 0, 7, 7, 2, 2), (1, 2, 16, 18, 4, 4), (3, 2, 13, 12, 8, 7)]	-12.5461	11
17	[(1, 0, 7, 7, 2, 2), (1, 2, 19, 23, 7, 9), (3, 2, 13, 12, 7, 6)]	-12.5171	13
18	[(1, 2, 16, 18, 3, 3), (1, 2, 19, 23, 2, 2), (3, 2, 13, 12, 8, 7)]	-12.4955	5
19	[(1, 0, 6, 10, 1, 1), (1, 2, 16, 18, 3, 3), (1, 2, 19, 23, 2, 2), (3, 2, 13, 12, 8, 7)]	-12.4847	10
20	[(1, 2, 16, 18, 4, 4), (1, 2, 19, 23, 1, 1), (3, 2, 13, 12, 7, 6)]	-12.4785	10
21	[(1, 0, 6, 10, 1, 1), (1, 2, 16, 18, 4, 4), (1, 2, 19, 23, 1, 1), (3, 2, 13, 12, 7, 6)]	-12.4694	14
22	[(1, 0, 7, 7, 2, 2), (1, 2, 16, 18, 4, 4), (1, 2, 19, 23, 2, 2), (3, 2, 9, 9, 4, 4), (3, 2, 13, 12, 2, 2)]	-12.4279	9
23	[(1, 0, 7, 7, 2, 2), (1, 2, 16, 18, 3, 3), (1, 2, 19, 23, 2, 2), (3, 2, 13, 12, 7, 6)]	-12.3844	6
24	[(1, 2, 16, 18, 4, 4), (1, 2, 19, 23, 2, 2), (3, 2, 8, 8, 3, 3), (3, 2, 13, 12, 3, 3)]	-12.338	7
25	[(1, 0, 6, 10, 1, 1), (1, 2, 16, 18, 4, 4), (1, 2, 19, 23, 2, 2), (3, 2, 8, 8, 3, 3), (3, 2, 13, 12, 3, 3)]	-12.3283	13
26	[(1, 2, 16, 18, 4, 4), (3, 2, 13, 12, 8, 7)]	-12.2485	7
27	[(1, 0, 6, 10, 1, 1), (1, 2, 16, 18, 4, 4), (3, 2, 13, 12, 8, 7)]	-12.246	9
28	[(1, 0, 7, 7, 2, 2), (1, 2, 16, 18, 4, 4), (1, 2, 19, 23, 2, 2), (3, 2, 8, 8, 2, 2), (3, 2, 13, 12, 3, 3)]	-12.2281	8
29	[(1, 2, 19, 23, 7, 9), (3, 2, 13, 12, 7, 6)]	-12.2178	11
30	[(1, 0, 6, 10, 1, 1), (1, 2, 19, 23, 7, 9), (3, 2, 13, 12, 7, 6)]	-12.217	11
31	[(1, 0, 7, 7, 2, 2), (1, 2, 16, 18, 3, 3), (1, 2, 19, 23, 1, 1), (3, 2, 13, 12, 8, 7)]	-12.1867	6
32	[(1, 0, 7, 7, 2, 2), (1, 2, 16, 18, 4, 4), (3, 2, 13, 12, 7, 6)]	-12.1457	5
33	[(1, 2, 16, 18, 4, 4), (1, 2, 19, 23, 2, 2), (3, 2, 9, 9, 4, 4), (3, 2, 13, 12, 2, 2)]	-12.1376	6
34	[(1, 0, 6, 10, 1, 1), (1, 2, 16, 18, 4, 4), (1, 2, 19, 23, 2, 2), (3, 2, 9, 9, 4, 4), (3, 2, 13, 12, 2, 2)]	-12.1279	15
35	[(1, 2, 16, 18, 3, 3), (1, 2, 19, 23, 2, 2), (3, 2, 13, 12, 7, 6)]	-12.0952	3
36	[(1, 0, 6, 10, 1, 1), (1, 2, 16, 18, 3, 3), (1, 2, 19, 23, 2, 2), (3, 2, 13, 12, 7, 6)]	-12.0843	3
37	[(1, 0, 7, 7, 2, 2), (1, 2, 16, 18, 4, 4), (1, 2, 19, 23, 1, 1), (3, 2, 8, 8, 3, 3), (3, 2, 13, 12, 3, 3)]	-12.0303	4
38	[(1, 0, 7, 7, 2, 2), (1, 2, 16, 18, 4, 4), (1, 2, 19, 23, 2, 2), (3, 2, 9, 9, 3, 3), (3, 2, 13, 12, 2, 2)]	-12.0278	9
39	[(1, 0, 7, 7, 2, 2), (1, 2, 16, 18, 4, 4), (1, 2, 19, 23, 2, 2), (3, 0, 7, 10, 2, 2), (3, 2, 13, 12, 3, 3)]	-11.9447	4
40	[(1, 2, 16, 18, 4, 4), (1, 2, 19, 23, 2, 2), (3, 2, 8, 8, 2, 2), (3, 2, 13, 12, 3, 3)]	-11.9378	3
41	[(1, 0, 7, 7, 2, 2), (1, 2, 19, 23, 6, 8), (3, 2, 13, 12, 8, 7)]	-11.9344	3
42	[(1, 0, 6, 10, 1, 1), (1, 2, 16, 18, 4, 4), (1, 2, 19, 23, 2, 2), (3, 2, 8, 8, 2, 2), (3, 2, 13, 12, 3, 3)]	-11.9281	9
43	[(1, 2, 16, 18, 3, 3), (1, 2, 19, 23, 1, 1), (3, 2, 13, 12, 8, 7)]	-11.8969	5
44	[(1, 0, 6, 10, 1, 1), (1, 2, 16, 18, 3, 3), (1, 2, 19, 23, 1, 1), (3, 2, 13, 12, 8, 7)]	-11.8867	3
45	[(1, 0, 7, 7, 2, 2), (1, 2, 16, 18, 4, 4), (1, 2, 19, 23, 2, 2), (3, 2, 13, 12, 6, 5)]	-11.8674	6
46	[(1, 2, 16, 18, 4, 4), (3, 2, 13, 12, 7, 6)]	-11.8481	7
47	[(1, 0, 6, 10, 1, 1), (1, 2, 16, 18, 4, 4), (3, 2, 13, 12, 7, 6)]	-11.8457	1
48	[(1, 2, 6, 7, 1, 1), (1, 2, 16, 18, 4, 4), (1, 2, 19, 23, 2, 2), (3, 0, 7, 10, 2, 2), (3, 2, 13, 12, 3, 3)]	-11.8353	4
49	[(1, 0, 7, 7, 2, 2), (1, 2, 16, 18, 4, 4), (1, 2, 19, 23, 1, 1), (3, 2, 9, 9, 4, 4), (3, 2, 13, 12, 2, 2)]	-11.8299	7
50	[(1, 0, 7, 7, 2, 2), (1, 2, 16, 18, 3, 3), (1, 2, 19, 23, 1, 1), (3, 2, 13, 12, 7, 6)]	-11.7864	5
51	[(1, 0, 7, 7, 2, 2), (1, 2, 19, 23, 7, 9), (3, 2, 8, 8, 3, 3), (3, 2, 13, 12, 3, 3)]	-11.7725	4
52	[(1, 2, 16, 18, 4, 4), (1, 2, 19, 23, 1, 1), (3, 2, 8, 8, 3, 3), (3, 2, 13, 12, 3, 3)]	-11.7395	3
53	[(1, 2, 16, 18, 4, 4), (1, 2, 19, 23, 2, 2), (3, 2, 9, 9, 3, 3), (3, 2, 13, 12, 2, 2)]	-11.7375	1
54	[(1, 0, 6, 10, 1, 1), (1, 2, 16, 18, 4, 4), (1, 2, 19, 23, 2, 2), (3, 2, 9, 9, 3, 3), (3, 2, 13, 12, 2, 2)]	-11.7278	4
55	[(1, 0, 7, 7, 2, 2), (1, 2, 16, 18, 3, 3), (1, 2, 19, 23, 2, 2), (3, 2, 8, 8, 3, 3), (3, 2, 13, 12, 3, 3)]	-11.6453	4
56	[(1, 2, 19, 23, 6, 8), (3, 2, 13, 12, 8, 7)]	-11.6362	6
57	[(1, 0, 6, 10, 1, 1), (1, 2, 19, 23, 6, 8), (3, 2, 13, 12, 8, 7)]	-11.6343	3
58	[(1, 0, 7, 7, 2, 2), (1, 2, 16, 18, 4, 4), (1, 2, 19, 23, 1, 1), (3, 2, 8, 8, 2, 2), (3, 2, 13, 12, 3, 3)]	-11.6302	1
59	[(1, 2, 16, 18, 4, 4), (1, 2, 19, 23, 2, 2), (3, 2, 13, 12, 6, 5)]	-11.5771	4
60	[(1, 0, 7, 7, 2, 2), (1, 2, 19, 23, 7, 9), (3, 2, 9, 9, 4, 4), (3, 2, 13, 12, 2, 2)]	-11.5714	11
61	[(1, 0, 6, 10, 1, 1), (1, 2, 16, 18, 4, 4), (1, 2, 19, 23, 2, 2), (3, 2, 13, 12, 6, 5)]	-11.5674	4
62	[(1, 0, 7, 7, 2, 2), (1, 2, 16, 18, 3, 3), (3, 2, 13, 12, 8, 7)]	-11.563	3
63	[(1, 2, 16, 18, 4, 4), (1, 2, 19, 23, 1, 1), (3, 2, 9, 9, 4, 4), (3, 2, 13, 12, 2, 2)]	-11.5391	2
64	[(1, 0, 7, 7, 2, 2), (1, 2, 16, 18, 4, 4), (1, 2, 19, 23, 2, 2), (3, 2, 7, 7, 2, 2), (3, 2, 13, 12, 3, 3)]	-11.5352	6
65	[(1, 0, 7, 7, 2, 2), (1, 2, 19, 23, 6, 8), (3, 2, 13, 12, 7, 6)]	-11.534	2
66	[(1, 0, 6, 10, 1, 1), (1, 2, 16, 18, 4, 4), (1, 2, 19, 23, 1, 1), (3, 2, 9, 9, 4, 4), (3, 2, 13, 12, 2, 2)]	-11.5299	5
67	[(1, 2, 16, 18, 3, 3), (1, 2, 19, 23, 1, 1), (3, 2, 13, 12, 7, 6)]	-11.4966	1
68	[(1, 2, 19, 23, 7, 9), (3, 2, 8, 8, 3, 3), (3, 2, 13, 12, 3, 3)]	-11.4732	2
69	[(1, 0, 6, 10, 1, 1), (1, 2, 19, 23, 7, 9), (3, 2, 8, 8, 3, 3), (3, 2, 13, 12, 3, 3)]	-11.4724	5
70	[(1, 0, 7, 7, 2, 2), (1, 2, 16, 18, 3, 3), (1, 2, 19, 23, 2, 2), (3, 2, 9, 9, 4, 4), (3, 2, 13, 12, 2, 2)]	-11.4449	5
71	[(1, 0, 7, 7, 2, 2), (1, 2, 16, 18, 4, 4), (1, 2, 19, 23, 1, 1), (3, 2, 9, 9, 3, 3), (3, 2, 13, 12, 2, 2)]	-11.4298	2
72	[(1, 0, 7, 7, 2, 2), (1, 2, 16, 18, 4, 4), (3, 2, 8, 8, 3, 3), (3, 2, 13, 12, 3, 3)]	-11.4066	2
73	[(1, 0, 7, 7, 2, 2), (1, 2, 19, 23, 7, 9), (3, 2, 8, 8, 2, 2), (3, 2, 13, 12, 3, 3)]	-11.3723	3
74	[(1, 2, 16, 18, 3, 3), (1, 2, 19, 23, 2, 2), (3, 2, 8, 8, 3, 3), (3, 2, 13, 12, 3, 3)]	-11.3561	3
75	[(1, 0, 6, 10, 1, 1), (1, 2, 16, 18, 3, 3), (1, 2, 19, 23, 2, 2), (3, 2, 8, 8, 3, 3), (3, 2, 13, 12, 3, 3)]	-11.3452	2
76	[(1, 2, 16, 18, 4, 4), (1, 2, 19, 23, 1, 1), (3, 2, 8, 8, 2, 2), (3, 2, 13, 12, 3, 3)]	-11.3393	1
77	[(1, 0, 6, 10, 1, 1), (1, 2, 16, 18, 4, 4), (1, 2, 19, 23, 1, 1), (3, 2, 8, 8, 2, 2), (3, 2, 13, 12, 3, 3)]	-11.3301	1
78	[(1, 2, 19, 23, 7, 9), (3, 2, 9, 9, 4, 4), (3, 2, 13, 12, 2, 2)]	-11.2722	5
79	[(1, 0, 6, 10, 1, 1), (1, 2, 19, 23, 7, 9), (3, 2, 9, 9, 4, 4), (3, 2, 13, 12, 2, 2)]	-11.2714	1
80	[(1, 0, 7, 7, 2, 2), (1, 2, 16, 18, 4, 4), (1, 2, 19, 23, 1, 1), (3, 2, 13, 12, 6, 5)]	-11.2695	2
81	[(1, 2, 16, 18, 3, 3), (3, 2, 13, 12, 8, 7)]	-11.268	3
82	[(1, 0, 6, 10, 1, 1), (1, 2, 16, 18, 3, 3), (3, 2, 13, 12, 8, 7)]	-11.263	3
83	[(1, 0, 7, 7, 2, 2), (1, 2, 16, 18, 3, 3), (1, 2, 19, 23, 2, 2), (3, 2, 8, 8, 2, 2), (3, 2, 13, 12, 3, 3)]	-11.2451	2
84	[(1, 2, 16, 18, 4, 4), (1, 2, 19, 23, 2, 2), (3, 2, 7, 7, 2, 2), (3, 2, 13, 12, 3, 3)]	-11.2449	4
85	[(1, 0, 7, 7, 2, 2), (1, 2, 16, 18, 4, 4), (1, 2, 19, 23, 2, 2), (3, 2, 13, 12, 3, 3)]	-11.2444	2
86	[(1, 2, 6, 7, 1, 1), (1, 2, 16, 18, 4, 4), (1, 2, 19, 23, 1, 1), (3, 0, 7, 10, 2, 2), (3, 2, 13, 12, 3, 3)]	-11.2373	1
87	[(1, 2, 19, 23, 6, 8), (3, 2, 13, 12, 7, 6)]	-11.2359	3
88	[(1, 0, 6, 10, 1, 1), (1, 2, 19, 23, 6, 8), (3, 2, 13, 12, 7, 6)]	-11.234	1
89	[(1, 0, 7, 7, 2, 2), (1, 2, 19, 23, 7, 9), (3, 2, 9, 9, 3, 3), (3, 2, 13, 12, 2, 2)]	-11.1713	7
90	[(1, 0, 7, 7, 2, 2), (1, 2, 16, 18, 3, 3), (3, 2, 13, 12, 7, 6)]	-11.1627	3
91	[(1, 2, 16, 18, 3, 3), (1, 2, 19, 23, 2, 2), (3, 2, 9, 9, 4, 4), (3, 2, 13, 12, 2, 2)]	-11.1557	2
92	[(1, 0, 6, 10, 1, 1), (1, 2, 16, 18, 3, 3), (1, 2, 19, 23, 2, 2), (3, 2, 9, 9, 4, 4), (3, 2, 13, 12, 2, 2)]	-11.1448	2
93	[(1, 2, 16, 18, 4, 4), (1, 2, 19, 23, 1, 1), (3, 2, 9, 9, 3, 3), (3, 2, 13, 12, 2, 2)]	-11.139	3
94	[(1, 2, 6, 7, 1, 1), (1, 2, 16, 18, 4, 4), (1, 2, 19, 23, 2, 2), (3, 2, 13, 12, 3, 3)]	-11.135	1
95	[(1, 0, 6, 10, 1, 1), (1, 2, 16, 18, 4, 4), (1, 2, 19, 23, 1, 1), (3, 2, 9, 9, 3, 3), (3, 2, 13, 12, 2, 2)]	-11.1298	1
96	[(1, 2, 16, 18, 4, 4), (3, 2, 8, 8, 3, 3), (3, 2, 13, 12, 3, 3)]	-11.1091	2
97	[(1, 0, 6, 10, 1, 1), (1, 2, 16, 18, 4, 4), (3, 2, 8, 8, 3, 3), (3, 2, 13, 12, 3, 3)]	-11.1066	1
98	[(1, 0, 7, 7, 2, 2), (1, 2, 19, 23, 7, 9), (3, 0, 7, 10, 2, 2), (3, 2, 13, 12, 3, 3)]	-11.0889	2
99	[(1, 2, 19, 23, 7, 9), (3, 2, 8, 8, 2, 2), (3, 2, 13, 12, 3, 3)]	-11.073	2
100	[(1, 0, 6, 10, 1, 1), (1, 2, 19, 23, 7, 9), (3, 2, 8, 8, 2, 2), (3, 2, 13, 12, 3, 3)]	-11.0723	2
101	[(1, 0, 7, 7, 2, 2), (1, 2, 16, 18, 3, 3), (1, 2, 19, 23, 1, 1), (3, 2, 8, 8, 3, 3), (3, 2, 13, 12, 3, 3)]	-11.0473	2
102	[(1, 0, 7, 7, 2, 2), (1, 2, 16, 18, 4, 4), (1, 2, 19, 23, 2, 2), (3, 2, 8, 8, 3, 3), (3, 2, 13, 12, 2, 2)]	-11.0289	3
103	[(1, 0, 7, 7, 2, 2), (1, 2, 19, 23, 7, 9), (3, 2, 13, 12, 6, 5)]	-11.017	1
104	[(1, 0, 7, 7, 2, 2), (1, 2, 16, 18, 4, 4), (3, 2, 8, 8, 2, 2), (3, 2, 13, 12, 3, 3)]	-11.0065	3
105	[(1, 2, 6, 7, 1, 1), (1, 2, 19, 23, 7, 9), (3, 0, 7, 10, 2, 2), (3, 2, 13, 12, 3, 3)]	-10.9795	1
106	[(1, 2, 16, 18, 4, 4), (1, 2, 19, 23, 1, 1), (3, 2, 13, 12, 6, 5)]	-10.9786	2
107	[(1, 0, 7, 7, 2, 2), (1, 2, 16, 18, 3, 3), (1, 2, 19, 23, 2, 2), (3, 0, 7, 10, 2, 2), (3, 2, 13, 12, 3, 3)]	-10.9617	1
108	[(1, 2, 16, 18, 4, 4), (1, 2, 19, 23, 2, 2), (3, 2, 13, 12, 3, 3)]	-10.9541	1
109	[(1, 0, 6, 10, 1, 1), (1, 2, 16, 18, 3, 3), (1, 2, 19, 23, 2, 2), (3, 2, 8, 8, 2, 2), (3, 2, 13, 12, 3, 3)]	-10.9451	2
110	[(1, 0, 7, 7, 2, 2), (1, 2, 16, 18, 4, 4), (1, 2, 19, 23, 1, 1), (3, 2, 7, 7, 2, 2), (3, 2, 13, 12, 3, 3)]	-10.9372	2
111	[(1, 2, 16, 18, 4, 4), (3, 2, 9, 9, 4, 4), (3, 2, 13, 12, 2, 2)]	-10.9087	3
112	[(1, 0, 6, 10, 1, 1), (1, 2, 16, 18, 4, 4), (3, 2, 9, 9, 4, 4), (3, 2, 13, 12, 2, 2)]	-10.9062	2
113	[(1, 0, 7, 7, 2, 2), (1, 2, 16, 18, 3, 3), (1, 2, 19, 23, 2, 2), (3, 2, 13, 12, 6, 5)]	-10.8844	2
114	[(1, 2, 19, 23, 7, 9), (3, 2, 9, 9, 3, 3), (3, 2, 13, 12, 2, 2)]	-10.8721	3
115	[(1, 0, 6, 10, 1, 1), (1, 2, 19, 23, 7, 9), (3, 2, 9, 9, 3, 3), (3, 2, 13, 12, 2, 2)]	-10.8713	3
116	[(1, 2, 16, 18, 3, 3), (3, 2, 13, 12, 7, 6)]	-10.8677	3
117	[(1, 0, 6, 10, 1, 1), (1, 2, 16, 18, 3, 3), (3, 2, 13, 12, 7, 6)]	-10.8626	2
118	[(1, 0, 7, 7, 2, 2), (1, 2, 16, 18, 4, 4), (1, 2, 19, 23, 2, 2), (3, 2, 11, 12, 6, 7)]	-10.8555	1
119	[(1, 2, 6, 7, 1, 1), (1, 2, 16, 18, 3, 3), (1, 2, 19, 23, 2, 2), (3, 0, 7, 10, 2, 2), (3, 2, 13, 12, 3, 3)]	-10.8523	1
120	[(1, 0, 7, 7, 2, 2), (1, 2, 16, 18, 3, 3), (1, 2, 19, 23, 1, 1), (3, 2, 9, 9, 4, 4), (3, 2, 13, 12, 2, 2)]	-10.8469	2
121	[(1, 0, 7, 7, 2, 2), (1, 2, 16, 18, 4, 4), (1, 2, 19, 23, 2, 2), (3, 2, 12, 11, 7, 6)]	-10.8139	2
122	[(1, 0, 7, 7, 2, 2), (1, 2, 16, 18, 4, 4), (3, 2, 9, 9, 3, 3), (3, 2, 13, 12, 2, 2)]	-10.8061	1
123	[(1, 2, 19, 23, 7, 9), (3, 0, 7, 10, 2, 2), (3, 2, 13, 12, 3, 3)]	-10.7896	1
124	[(1, 2, 16, 18, 3, 3), (1, 2, 19, 23, 1, 1), (3, 2, 8, 8, 3, 3), (3, 2, 13, 12, 3, 3)]	-10.7575	3
125	[(1, 2, 16, 18, 3, 3), (1, 2, 19, 23, 2, 2), (3, 2, 9, 9, 3, 3), (3, 2, 13, 12, 2, 2)]	-10.7556	1
126	[(1, 0, 6, 10, 1, 1), (1, 2, 16, 18, 3, 3), (1, 2, 19, 23, 1, 1), (3, 2, 8, 8, 3, 3), (3, 2, 13, 12, 3, 3)]	-10.7473	1
127	[(1, 2, 16, 18, 4, 4), (1, 2, 19, 23, 2, 2), (3, 2, 8, 8, 3, 3), (3, 2, 13, 12, 2, 2)]	-10.7386	1
128	[(1, 0, 6, 10, 1, 1), (1, 2, 16, 18, 4, 4), (1, 2, 19, 23, 2, 2), (3, 2, 8, 8, 3, 3), (3, 2, 13, 12, 2, 2)]	-10.7289	1
129	[(1, 0, 7, 7, 2, 2), (1, 2, 19, 23, 7, 9), (3, 2, 7, 7, 2, 2), (3, 2, 13, 12, 3, 3)]	-10.6793	1
130	[(1, 0, 7, 7, 2, 2), (1, 2, 16, 18, 3, 3), (1, 2, 19, 23, 1, 1), (3, 2, 8, 8, 2, 2), (3, 2, 13, 12, 3, 3)]	-10.6471	1
131	[(1, 2, 16, 18, 4, 4), (1, 2, 19, 23, 1, 1), (3, 2, 7, 7, 2, 2), (3, 2, 13, 12, 3, 3)]	-10.6463	1
132	[(1, 0, 7, 7, 2, 2), (1, 2, 16, 18, 4, 4), (3, 2, 13, 12, 6, 5)]	-10.6458	1
133	[(1, 0, 6, 10, 1, 1), (1, 2, 16, 18, 4, 4), (1, 2, 19, 23, 1, 1), (3, 2, 7, 7, 2, 2), (3, 2, 13, 12, 3, 3)]	-10.6372	2
134	[(1, 0, 7, 7, 2, 2), (1, 2, 16, 18, 4, 4), (1, 2, 19, 23, 2, 2), (3, 2, 8, 8, 2, 2), (3, 2, 13, 12, 2, 2)]	-10.6289	2
135	[(1, 2, 6, 7, 1, 1), (1, 2, 16, 18, 4, 4), (3, 0, 7, 10, 2, 2), (3, 2, 13, 12, 3, 3)]	-10.6136	1
136	[(1, 2, 6, 7, 1, 1), (1, 2, 16, 18, 4, 4), (1, 2, 19, 23, 1, 1), (3, 2, 13, 12, 3, 3)]	-10.537	1
137	[(1, 0, 7, 7, 2, 2), (1, 2, 16, 18, 4, 4), (1, 2, 19, 23, 2, 2), (3, 2, 9, 9, 2, 2), (3, 2, 13, 12, 2, 2)]	-10.5288	3
138	[(1, 0, 6, 10, 1, 1), (1, 2, 16, 18, 4, 4), (1, 2, 19, 23, 2, 2), (3, 2, 12, 11, 7, 6)]	-10.5138	1
139	[(1, 2, 16, 18, 4, 4), (3, 2, 9, 9, 3, 3), (3, 2, 13, 12, 2, 2)]	-10.5086	1
140	[(1, 0, 6, 10, 1, 1), (1, 2, 16, 18, 4, 4), (3, 2, 9, 9, 3, 3), (3, 2, 13, 12, 2, 2)]	-10.5061	1
141	[(1, 0, 6, 10, 1, 1), (1, 2, 19, 23, 6, 8), (3, 2, 8, 8, 3, 3), (3, 2, 13, 12, 3, 3)]	-10.4894	3
142	[(1, 0, 7, 7, 2, 2), (1, 2, 16, 18, 3, 3), (1, 2, 19, 23, 1, 1), (3, 2, 9, 9, 3, 3), (3, 2, 13, 12, 2, 2)]	-10.4468	1
143	[(1, 2, 16, 18, 4, 4), (3, 0, 7, 10, 2, 2), (3, 2, 13, 12, 3, 3)]	-10.4254	1
144	[(1, 0, 7, 7, 2, 2), (1, 2, 16, 18, 4, 4), (1, 2, 19, 23, 2, 2), (3, 2, 12, 11, 6, 5)]	-10.4136	2
145	[(1, 2, 19, 23, 7, 9), (3, 2, 7, 7, 2, 2), (3, 2, 13, 12, 3, 3)]	-10.3801	1
146	[(1, 2, 16, 18, 3, 3), (1, 2, 19, 23, 1, 1), (3, 2, 8, 8, 2, 2), (3, 2, 13, 12, 3, 3)]	-10.3573	1
147	[(1, 0, 6, 10, 1, 1), (1, 2, 16, 18, 4, 4), (3, 2, 13, 12, 6, 5)]	-10.3457	1
148	[(1, 0, 7, 7, 2, 2), (1, 2, 16, 18, 3, 3), (1, 2, 19, 23, 1, 1), (3, 2, 13, 12, 6, 5)]	-10.2864	1
149	[(1, 2, 6, 7, 1, 1), (1, 2, 19, 23, 7, 9), (3, 2, 13, 12, 3, 3)]	-10.2792	1
150	[(1, 2, 16, 18, 3, 3), (1, 2, 19, 23, 2, 2), (3, 2, 7, 7, 2, 2), (3, 2, 13, 12, 3, 3)]	-10.2629	1
151	[(1, 2, 6, 7, 1, 1), (1, 2, 16, 18, 3, 3), (1, 2, 19, 23, 1, 1), (3, 0, 7, 10, 2, 2), (3, 2, 13, 12, 3, 3)]	-10.2543	2
152	[(1, 0, 6, 10, 1, 1), (1, 2, 16, 18, 3, 3), (1, 2, 19, 23, 2, 2), (3, 2, 7, 7, 2, 2), (3, 2, 13, 12, 3, 3)]	-10.2521	1
153	[(1, 2, 6, 7, 1, 1), (1, 2, 16, 18, 4, 4), (1, 2, 19, 23, 2, 2), (3, 0, 7, 10, 2, 2), (3, 2, 13, 12, 2, 2)]	-10.2359	1
154	[(1, 0, 7, 7, 2, 2), (1, 2, 16, 18, 4, 4), (1, 2, 19, 23, 2, 2), (3, 2, 11, 10, 6, 5)]	-10.2313	1
155	[(1, 0, 6, 10, 1, 1), (1, 2, 16, 18, 4, 4), (1, 2, 19, 23, 2, 2), (3, 2, 9, 9, 2, 2), (3, 2, 13, 12, 2, 2)]	-10.2287	1
156	[(1, 0, 7, 7, 2, 2), (1, 2, 16, 18, 4, 4), (1, 2, 19, 23, 2, 2), (3, 2, 9, 9, 4, 4)]	-10.1913	1
157	[(1, 0, 7, 7, 2, 2), (1, 2, 19, 23, 7, 9), (3, 2, 8, 8, 3, 3), (3, 2, 13, 12, 2, 2)]	-10.1725	1
158	[(1, 2, 16, 18, 4, 4), (1, 2, 19, 23, 1, 1), (3, 2, 8, 8, 3, 3), (3, 2, 13, 12, 2, 2)]	-10.1401	1
159	[(1, 0, 6, 10, 1, 1), (1, 2, 16, 18, 4, 4), (1, 2, 19, 23, 1, 1), (3, 2, 8, 8, 3, 3), (3, 2, 13, 12, 2, 2)]	-10.1309	1
160	[(1, 0, 6, 10, 1, 1), (1, 2, 16, 18, 3, 3), (3, 2, 8, 8, 3, 3), (3, 2, 13, 12, 3, 3)]	-10.1236	2
161	[(1, 0, 6, 10, 1, 1), (1, 2, 16, 18, 4, 4), (1, 2, 19, 23, 2, 2), (3, 2, 12, 11, 6, 5)]	-10.1135	1
162	[(1, 2, 19, 23, 6, 8), (3, 2, 8, 8, 2, 2), (3, 2, 13, 12, 3, 3)]	-10.0911	1
163	[(1, 2, 19, 23, 7, 9), (3, 2, 13, 12, 3, 3)]	-10.0893	1
164	[(1, 0, 6, 10, 1, 1), (1, 2, 19, 23, 6, 8), (3, 2, 8, 8, 2, 2), (3, 2, 13, 12, 3, 3)]	-10.0892	2
165	[(1, 0, 6, 10, 1, 1), (1, 2, 19, 23, 7, 9), (3, 2, 13, 12, 3, 3)]	-10.0885	1
166	[(1, 0, 7, 7, 2, 2), (1, 2, 16, 18, 4, 4), (1, 2, 19, 23, 1, 1), (3, 2, 8, 8, 2, 2), (3, 2, 13, 12, 2, 2)]	-10.0309	1
167	[(1, 2, 16, 18, 3, 3), (1, 2, 19, 23, 1, 1), (3, 2, 13, 12, 6, 5)]	-9.99662	1
168	[(1, 2, 16, 18, 3, 3), (1, 2, 19, 23, 2, 2), (3, 2, 13, 12, 3, 3)]	-9.97216	1
169	[(1, 0, 7, 7, 2, 2), (1, 2, 16, 18, 3, 3), (1, 2, 19, 23, 1, 1), (3, 2, 7, 7, 2, 2), (3, 2, 13, 12, 3, 3)]	-9.95416	1
170	[(1, 0, 6, 10, 1, 1), (1, 2, 19, 23, 6, 8), (3, 2, 9, 9, 3, 3), (3, 2, 13, 12, 2, 2)]	-9.88826	1
171	[(1, 2, 19, 23, 7, 9), (3, 2, 8, 8, 3, 3), (3, 2, 13, 12, 2, 2)]	-9.87322	1
172	[(1, 0, 7, 7, 2, 2), (1, 2, 16, 18, 3, 3), (3, 2, 9, 9, 3, 3), (3, 2, 13, 12, 2, 2)]	-9.82309	2
173	[(1, 0, 7, 7, 2, 2), (1, 2, 16, 18, 4, 4), (1, 2, 19, 23, 1, 1), (3, 2, 12, 11, 6, 5)]	-9.81413	1
174	[(1, 0, 7, 7, 2, 2), (1, 2, 16, 18, 4, 4), (3, 2, 8, 8, 3, 3), (3, 2, 13, 12, 2, 2)]	-9.80725	1
175	[(1, 2, 16, 18, 4, 4), (1, 2, 19, 23, 2, 2), (3, 0, 11, 10, 1, 1), (3, 2, 9, 9, 3, 3)]	-9.80089	1
176	[(1, 2, 16, 18, 3, 3), (1, 2, 19, 23, 2, 2), (3, 2, 8, 8, 3, 3), (3, 2, 13, 12, 2, 2)]	-9.75669	1
177	[(1, 2, 16, 18, 4, 4), (1, 2, 19, 23, 1, 1), (3, 2, 9, 9, 4, 4), (3, 2, 11, 12, 1, 1)]	-9.74003	1
178	[(1, 2, 19, 23, 6, 8), (3, 2, 13, 12, 6, 5)]	-9.7358	1
179	[(1, 0, 6, 10, 1, 1), (1, 2, 16, 18, 4, 4), (1, 2, 19, 23, 1, 1), (3, 2, 8, 8, 2, 2), (3, 2, 13, 12, 2, 2)]	-9.73089	1
180	[(1, 2, 16, 18, 4, 4), (3, 2, 13, 12, 3, 3)]	-9.72513	1
181	[(1, 0, 7, 7, 2, 2), (1, 2, 16, 18, 4, 4), (1, 2, 19, 23, 2, 2), (3, 2, 8, 8, 3, 3), (3, 2, 12, 11, 2, 2)]	-9.68553	1
182	[(1, 2, 16, 18, 4, 4), (1, 2, 19, 23, 1, 1), (3, 2, 9, 9, 2, 2), (3, 2, 13, 12, 2, 2)]	-9.63988	1
183	[(1, 0, 7, 7, 2, 2), (1, 2, 16, 18, 4, 4), (3, 2, 11, 12, 6, 7)]	-9.63384	1
184	[(1, 0, 7, 7, 2, 2), (1, 2, 16, 18, 4, 4), (1, 2, 19, 23, 1, 1), (3, 2, 9, 9, 3, 3), (3, 2, 11, 12, 1, 1)]	-9.63085	1
185	[(1, 2, 6, 12, 1, 1), (1, 2, 16, 18, 4, 4), (1, 2, 19, 23, 2, 2), (3, 2, 9, 9, 3, 3)]	-9.62896	1
186	[(1, 0, 6, 10, 1, 1), (1, 2, 19, 23, 7, 9), (3, 2, 12, 11, 7, 6)]	-9.61692	1
187	[(1, 2, 16, 18, 4, 4), (1, 2, 19, 23, 1, 1), (3, 0, 12, 7, 2, 2), (3, 2, 9, 9, 4, 4)]	-9.60098	1
188	[(1, 2, 16, 18, 4, 4), (1, 2, 19, 23, 1, 1), (3, 0, 11, 10, 1, 1), (3, 2, 9, 9, 4, 4)]	-9.60094	1
189	[(1, 0, 6, 10, 1, 1), (1, 2, 16, 18, 4, 4), (1, 2, 19, 23, 1, 1), (3, 0, 12, 7, 2, 2), (3, 2, 9, 9, 4, 4)]	-9.59183	1
190	[(1, 0, 7, 7, 2, 2), (1, 2, 19, 23, 7, 9), (3, 0, 11, 10, 1, 1), (3, 2, 9, 9, 4, 4)]	-9.58899	1
191	[(1, 0, 7, 7, 2, 2), (1, 2, 16, 18, 4, 4), (3, 2, 12, 11, 7, 6)]	-9.54558	1
192	[(1, 2, 16, 18, 3, 3), (1, 2, 19, 23, 2, 2), (3, 2, 12, 11, 7, 6)]	-9.54204	1
193	[(1, 0, 7, 7, 2, 2), (1, 2, 19, 23, 7, 9), (3, 2, 12, 11, 6, 5)]	-9.51659	2
194	[(1, 2, 16, 18, 4, 4), (3, 2, 8, 8, 3, 3), (3, 2, 13, 12, 2, 2)]	-9.50967	1
195	[(1, 0, 7, 7, 2, 2), (1, 2, 19, 23, 7, 9), (3, 0, 7, 10, 2, 2), (3, 2, 13, 12, 2, 2)]	-9.48884	1
196	[(1, 2, 6, 12, 1, 1), (1, 2, 19, 23, 7, 9), (3, 0, 11, 10, 1, 1), (3, 2, 9, 9, 4, 4)]	-9.47111	1
197	[(1, 2, 18, 22, 6, 8), (3, 2, 13, 12, 7, 6)]	-9.41868	1
198	[(1, 0, 7, 7, 2, 2), (1, 2, 19, 23, 6, 8), (3, 2, 13, 12, 3, 3)]	-9.40551	1
199	[(1, 0, 6, 10, 1, 1), (1, 2, 16, 18, 3, 3), (1, 2, 19, 23, 1, 1), (3, 2, 13, 12, 3, 3)]	-9.36334	1
200	[(1, 0, 7, 7, 2, 2), (1, 2, 19, 23, 7, 9), (3, 2, 11, 10, 6, 5)]	-9.33385	1
201	[(1, 0, 6, 10, 1, 1), (1, 2, 16, 18, 4, 4), (1, 2, 19, 23, 1, 1), (3, 2, 11, 10, 6, 5)]	-9.33186	1
202	[(1, 0, 7, 7, 2, 2), (1, 2, 16, 18, 4, 4), (3, 0, 11, 10, 1, 1), (3, 2, 9, 9, 4, 4)]	-9.21761	1
203	[(1, 0, 7, 7, 2, 2), (1, 2, 19, 23, 7, 9), (3, 0, 11, 10, 1, 1), (3, 2, 9, 9, 3, 3)]	-9.18879	1
204	[(1, 2, 6, 12, 1, 1), (1, 2, 19, 23, 7, 9), (3, 2, 9, 9, 4, 4)]	-9.17111	1
205	[(1, 0, 6, 10, 1, 1), (1, 2, 19, 23, 9, 8), (3, 2, 13, 12, 8, 7)]	-9.14692	1
206	[(1, 0, 6, 10, 1, 1), (1, 2, 16, 18, 4, 4), (3, 2, 8, 8, 2, 2), (3, 2, 13, 12, 2, 2)]	-9.10719	1
207	[(1, 0, 7, 7, 2, 2), (1, 2, 16, 18, 4, 4), (1, 2, 19, 23, 1, 1), (3, 2, 13, 12, 2, 2)]	-9.04719	1
208	[(1, 0, 6, 10, 1, 1), (1, 2, 16, 18, 4, 4), (1, 2, 19, 23, 1, 1), (3, 2, 7, 7, 2, 2), (3, 2, 13, 12, 2, 2)]	-9.03779	1
209	[(1, 2, 16, 18, 3, 3), (3, 2, 7, 7, 2, 2), (3, 2, 13, 12, 3, 3)]	-9.03547	1
210	[(1, 0, 6, 10, 1, 1), (1, 2, 16, 18, 3, 3), (3, 2, 7, 7, 2, 2), (3, 2, 13, 12, 3, 3)]	-9.03043	1
211	[(1, 0, 6, 10, 1, 1), (1, 2, 16, 18, 4, 4), (3, 2, 9, 9, 2, 2), (3, 2, 13, 12, 2, 2)]	-9.00703	1
212	[(1, 2, 16, 18, 3, 3), (1, 2, 19, 23, 2, 2), (3, 2, 9, 9, 3, 3), (3, 2, 11, 12, 1, 1)]	-8.95659	1
213	[(1, 2, 6, 7, 1, 1), (1, 2, 16, 18, 3, 3), (3, 2, 13, 12, 3, 3)]	-8.93028	1
214	[(1, 0, 6, 10, 1, 1), (1, 2, 19, 23, 6, 8), (3, 2, 8, 8, 3, 3), (3, 2, 13, 12, 2, 2)]	-8.88937	1
215	[(1, 0, 6, 10, 1, 1), (1, 2, 18, 22, 5, 7), (3, 2, 13, 12, 8, 7)]	-8.83422	1
216	[(1, 0, 7, 7, 2, 2), (1, 2, 19, 23, 6, 8), (3, 2, 8, 8, 2, 2), (3, 2, 13, 12, 2, 2)]	-8.78938	1
217	[(1, 0, 7, 7, 2, 2), (1, 2, 19, 23, 7, 9), (3, 2, 8, 8, 3, 3), (3, 2, 12, 11, 2, 2)]	-8.77218	1
218	[(1, 0, 7, 7, 2, 2), (1, 2, 17, 20, 5, 6), (1, 2, 19, 23, 1, 1), (3, 2, 9, 9, 4, 4), (3, 2, 13, 12, 2, 2)]	-8.72922	1
219	[(1, 0, 6, 10, 1, 1), (1, 2, 16, 18, 4, 4), (3, 2, 9, 9, 3, 3), (3, 2, 11, 12, 1, 1)]	-8.70711	1
220	[(1, 0, 7, 7, 2, 2), (1, 2, 9, 16, 1, 1), (1, 2, 16, 18, 1, 1), (1, 2, 19, 23, 2, 2), (3, 2, 13, 12, 8, 7)]	-8.65597	1
221	[(1, 0, 7, 7, 2, 2), (1, 2, 11, 16, 1, 1), (1, 2, 16, 18, 1, 1), (1, 2, 19, 23, 2, 2), (3, 2, 13, 12, 8, 7)]	-8.598	1
222	[(1, 0, 7, 7, 2, 2), (1, 2, 18, 22, 6, 8), (3, 2, 8, 8, 2, 2), (3, 2, 13, 12, 3, 3)]	-8.57216	2
223	[(1, 0, 6, 10, 1, 1), (1, 2, 19, 23, 6, 8), (3, 2, 8, 8, 2, 2), (3, 2, 13, 12, 2, 2)]	-8.48934	1
224	[(1, 2, 6, 12, 1, 1), (1, 2, 16, 18, 4, 4), (3, 2, 11, 10, 5, 4)]	-8.44715	1
225	[(1, 0, 7, 7, 2, 2), (1, 2, 16, 18, 3, 3), (1, 2, 19, 23, 2, 2), (3, 2, 8, 8, 3, 3), (3, 2, 11, 12, 1, 1)]	-8.24687	1
226	[(1, 0, 7, 7, 2, 2), (1, 2, 19, 23, 6, 8), (3, 0, 11, 10, 1, 1), (3, 2, 9, 9, 3, 3)]	-8.20574	1
227	[(1, 0, 6, 10, 1, 1), (1, 2, 15, 17, 3, 3), (1, 2, 19, 23, 1, 1), (3, 2, 13, 12, 7, 6)]	-8.16952	1
228	[(1, 2, 18, 22, 6, 8), (3, 2, 9, 9, 3, 3), (3, 2, 13, 12, 2, 2)]	-8.07295	1
229	[(1, 0, 6, 10, 1, 1), (1, 2, 16, 18, 3, 3), (1, 2, 19, 23, 2, 2), (3, 2, 8, 8, 2, 2), (3, 2, 12, 11, 2, 2)]	-8.00255	1
230	[(1, 0, 6, 10, 1, 1), (1, 2, 11, 16, 1, 1), (1, 2, 16, 18, 1, 1), (1, 2, 19, 23, 2, 2), (3, 2, 13, 12, 7, 6)]	-7.89824	1
231	[(1, 2, 16, 18, 7, 7), (1, 2, 19, 23, 2, 2), (3, 2, 9, 9, 4, 4)]	-7.80837	1
232	[(1, 2, 16, 18, 4, 4), (1, 2, 19, 23, 2, 2), (3, 2, 7, 7, 2, 2), (3, 2, 13, 12, 4, 3)]	-7.34525	1
233	[(1, 2, 6, 12, 1, 1), (1, 2, 19, 23, 7, 9), (3, 2, 11, 10, 4, 3)]	-7.31161	1
234	[(1, 0, 6, 10, 1, 1), (1, 2, 16, 18, 2, 2), (1, 2, 19, 23, 2, 2), (3, 2, 8, 8, 3, 3), (3, 2, 13, 12, 3, 3)]	-7.30859	1
235	[(1, 2, 6, 12, 1, 1), (1, 2, 19, 23, 7, 9), (3, 2, 9, 9, 2, 2)]	-7.27212	1
236	[(1, 0, 6, 10, 1, 1), (1, 2, 9, 16, 1, 1), (1, 2, 16, 18, 1, 1), (1, 2, 19, 23, 2, 2), (3, 2, 8, 8, 3, 3), (3, 2, 13, 12, 3, 3)]	-7.22377	1
237	[(1, 2, 18, 22, 5, 7), (3, 2, 13, 12, 6, 5)]	-6.93664	1
238	[(1, 0, 7, 7, 2, 2), (1, 2, 16, 18, 5, 7), (1, 2, 19, 23, 2, 2), (3, 0, 11, 10, 1, 1), (3, 2, 9, 9, 4, 4)]	-6.7361	1
