1	[(1, 0, 7, 7, 2, 2), (3, 2, 13, 12, 8, 7), (1, 2, 16, 18, 4, 4), (1, 2, 19, 23, 2, 2)]	-13.7677	93
2	[(3, 2, 13, 12, 8, 7), (1, 2, 16, 18, 4, 4), (1, 2, 19, 23, 2, 2)]	-13.4774	33
3	[(1, 0, 6, 10, 1, 1), (3, 2, 13, 12, 8, 7), (1, 2, 16, 18, 4, 4), (1, 2, 19, 23, 2, 2)]	-13.4677	43
4	[(1, 0, 7, 7, 2, 2), (3, 2, 13, 12, 7, 6), (1, 2, 16, 18, 4, 4), (1, 2, 19, 23, 2, 2)]	-13.3674	26
5	[(1, 0, 7, 7, 2, 2), (3, 2, 13, 12, 8, 7), (1, 2, 16, 18, 4, 4), (1, 2, 19, 23, 1, 1)]	-13.1698	20
6	[(3, 2, 13, 12, 7, 6), (1, 2, 16, 18, 4, 4), (1, 2, 19, 23, 2, 2)]	-13.0771	17
7	[(1, 0, 6, 10, 1, 1), (3, 2, 13, 12, 7, 6), (1, 2, 16, 18, 4, 4), (1, 2, 19, 23, 2, 2)]	-13.0674	25
8	[(1, 0, 7, 7, 2, 2), (3, 2, 13, 12, 8, 7), (1, 2, 19, 23, 7, 9)]	-12.9174	32
9	[(3, 2, 13, 12, 8, 7), (1, 2, 16, 18, 4, 4), (1, 2, 19, 23, 1, 1)]	-12.8789	17
10	[(1, 0, 6, 10, 1, 1), (3, 2, 13, 12, 8, 7), (1, 2, 16, 18, 4, 4), (1, 2, 19, 23, 1, 1)]	-12.8697	17
11	[(1, 0, 7, 7, 2, 2), (3, 2, 13, 12, 8, 7), (1, 2, 16, 18, 3, 3), (1, 2, 19, 23, 2, 2)]	-12.7847	17
12	[(1, 0, 7, 7, 2, 2), (3, 2, 13, 12, 7, 6), (1, 2, 16, 18, 4, 4), (1, 2, 19, 23, 1, 1)]	-12.7694	17
13	[(1, 0, 7, 7, 2, 2), (3, 2, 8, 8, 3, 3), (3, 2, 13, 12, 3, 3), (1, 2, 16, 18, 4, 4), (1, 2, 19, 23, 2, 2)]	-12.6283	20
14	[(3, 2, 13, 12, 8, 7), (1, 2, 19, 23, 7, 9)]	-12.6182	17
15	[(1, 0, 6, 10, 1, 1), (3, 2, 13, 12, 8, 7), (1, 2, 19, 23, 7, 9)]	-12.6174	15
16	[(1, 0, 7, 7, 2, 2), (3, 2, 13, 12, 8, 7), (1, 2, 16, 18, 4, 4)]	-12.5461	11
17	[(1, 0, 7, 7, 2, 2), (3, 2, 13, 12, 7, 6), (1, 2, 19, 23, 7, 9)]	-12.5171	22
18	[(3, 2, 13, 12, 8, 7), (1, 2, 16, 18, 3, 3), (1, 2, 19, 23, 2, 2)]	-12.4955	8
19	[(1, 0, 6, 10, 1, 1), (3, 2, 13, 12, 8, 7), (1, 2, 16, 18, 3, 3), (1, 2, 19, 23, 2, 2)]	-12.4847	4
20	[(3, 2, 13, 12, 7, 6), (1, 2, 16, 18, 4, 4), (1, 2, 19, 23, 1, 1)]	-12.4785	13
21	[(1, 0, 6, 10, 1, 1), (3, 2, 13, 12, 7, 6), (1, 2, 16, 18, 4, 4), (1, 2, 19, 23, 1, 1)]	-12.4694	10
22	[(1, 0, 7, 7, 2, 2), (3, 2, 9, 9, 4, 4), (3, 2, 13, 12, 2, 2), (1, 2, 16, 18, 4, 4), (1, 2, 19, 23, 2, 2)]	-12.4279	14
23	[(1, 0, 7, 7, 2, 2), (3, 2, 13, 12, 7, 6), (1, 2, 16, 18, 3, 3), (1, 2, 19, 23, 2, 2)]	-12.3844	11
24	[(3, 2, 8, 8, 3, 3), (3, 2, 13, 12, 3, 3), (1, 2, 16, 18, 4, 4), (1, 2, 19, 23, 2, 2)]	-12.338	8
25	[(1, 0, 6, 10, 1, 1), (3, 2, 8, 8, 3, 3), (3, 2, 13, 12, 3, 3), (1, 2, 16, 18, 4, 4), (1, 2, 19, 23, 2, 2)]	-12.3283	9
26	[(3, 2, 13, 12, 8, 7), (1, 2, 16, 18, 4, 4)]	-12.2485	10
27	[(1, 0, 6, 10, 1, 1), (3, 2, 13, 12, 8, 7), (1, 2, 16, 18, 4, 4)]	-12.246	13
28	[(1, 0, 7, 7, 2, 2), (3, 2, 8, 8, 2, 2), (3, 2, 13, 12, 3, 3), (1, 2, 16, 18, 4, 4), (1, 2, 19, 23, 2, 2)]	-12.2281	10
29	[(3, 2, 13, 12, 7, 6), (1, 2, 19, 23, 7, 9)]	-12.2178	13
30	[(1, 0, 6, 10, 1, 1), (3, 2, 13, 12, 7, 6), (1, 2, 19, 23, 7, 9)]	-12.217	15
31	[(1, 0, 7, 7, 2, 2), (3, 2, 13, 12, 8, 7), (1, 2, 16, 18, 3, 3), (1, 2, 19, 23, 1, 1)]	-12.1867	3
32	[(1, 0, 7, 7, 2, 2), (3, 2, 13, 12, 7, 6), (1, 2, 16, 18, 4, 4)]	-12.1457	5
33	[(3, 2, 9, 9, 4, 4), (3, 2, 13, 12, 2, 2), (1, 2, 16, 18, 4, 4), (1, 2, 19, 23, 2, 2)]	-12.1376	10
34	[(1, 0, 6, 10, 1, 1), (3, 2, 9, 9, 4, 4), (3, 2, 13, 12, 2, 2), (1, 2, 16, 18, 4, 4), (1, 2, 19, 23, 2, 2)]	-12.1279	10
35	[(3, 2, 13, 12, 7, 6), (1, 2, 16, 18, 3, 3), (1, 2, 19, 23, 2, 2)]	-12.0952	6
36	[(1, 0, 6, 10, 1, 1), (3, 2, 13, 12, 7, 6), (1, 2, 16, 18, 3, 3), (1, 2, 19, 23, 2, 2)]	-12.0843	8
37	[(1, 0, 7, 7, 2, 2), (3, 2, 8, 8, 3, 3), (3, 2, 13, 12, 3, 3), (1, 2, 16, 18, 4, 4), (1, 2, 19, 23, 1, 1)]	-12.0303	4
38	[(1, 0, 7, 7, 2, 2), (3, 2, 9, 9, 3, 3), (3, 2, 13, 12, 2, 2), (1, 2, 16, 18, 4, 4), (1, 2, 19, 23, 2, 2)]	-12.0278	6
39	[(1, 0, 7, 7, 2, 2), (3, 0, 7, 10, 2, 2), (3, 2, 13, 12, 3, 3), (1, 2, 16, 18, 4, 4), (1, 2, 19, 23, 2, 2)]	-11.9447	4
40	[(3, 2, 8, 8, 2, 2), (3, 2, 13, 12, 3, 3), (1, 2, 16, 18, 4, 4), (1, 2, 19, 23, 2, 2)]	-11.9378	4
41	[(1, 0, 7, 7, 2, 2), (3, 2, 13, 12, 8, 7), (1, 2, 19, 23, 6, 8)]	-11.9344	7
42	[(1, 0, 6, 10, 1, 1), (3, 2, 8, 8, 2, 2), (3, 2, 13, 12, 3, 3), (1, 2, 16, 18, 4, 4), (1, 2, 19, 23, 2, 2)]	-11.9281	6
43	[(3, 2, 13, 12, 8, 7), (1, 2, 16, 18, 3, 3), (1, 2, 19, 23, 1, 1)]	-11.8969	7
44	[(1, 0, 6, 10, 1, 1), (3, 2, 13, 12, 8, 7), (1, 2, 16, 18, 3, 3), (1, 2, 19, 23, 1, 1)]	-11.8867	2
45	[(3, 2, 13, 12, 7, 6), (1, 2, 16, 18, 4, 4)]	-11.8481	4
46	[(1, 0, 6, 10, 1, 1), (3, 2, 13, 12, 7, 6), (1, 2, 16, 18, 4, 4)]	-11.8457	2
47	[(1, 2, 6, 7, 1, 1), (3, 0, 7, 10, 2, 2), (3, 2, 13, 12, 3, 3), (1, 2, 16, 18, 4, 4), (1, 2, 19, 23, 2, 2)]	-11.8353	1
48	[(1, 0, 7, 7, 2, 2), (3, 2, 9, 9, 4, 4), (3, 2, 13, 12, 2, 2), (1, 2, 16, 18, 4, 4), (1, 2, 19, 23, 1, 1)]	-11.8299	2
49	[(1, 0, 7, 7, 2, 2), (3, 2, 8, 8, 3, 3), (3, 2, 13, 12, 3, 3), (1, 2, 19, 23, 7, 9)]	-11.7725	8
50	[(3, 2, 8, 8, 3, 3), (3, 2, 13, 12, 3, 3), (1, 2, 16, 18, 4, 4), (1, 2, 19, 23, 1, 1)]	-11.7395	4
51	[(3, 2, 9, 9, 3, 3), (3, 2, 13, 12, 2, 2), (1, 2, 16, 18, 4, 4), (1, 2, 19, 23, 2, 2)]	-11.7375	1
52	[(1, 0, 6, 10, 1, 1), (3, 2, 8, 8, 3, 3), (3, 2, 13, 12, 3, 3), (1, 2, 16, 18, 4, 4), (1, 2, 19, 23, 1, 1)]	-11.7303	4
53	[(1, 0, 6, 10, 1, 1), (3, 2, 9, 9, 3, 3), (3, 2, 13, 12, 2, 2), (1, 2, 16, 18, 4, 4), (1, 2, 19, 23, 2, 2)]	-11.7278	6
54	[(3, 0, 7, 10, 2, 2), (3, 2, 13, 12, 3, 3), (1, 2, 16, 18, 4, 4), (1, 2, 19, 23, 2, 2)]	-11.6544	5
55	[(1, 0, 7, 7, 2, 2), (3, 2, 8, 8, 3, 3), (3, 2, 13, 12, 3, 3), (1, 2, 16, 18, 3, 3), (1, 2, 19, 23, 2, 2)]	-11.6453	2
56	[(3, 2, 13, 12, 8, 7), (1, 2, 19, 23, 6, 8)]	-11.6362	6
57	[(1, 0, 6, 10, 1, 1), (3, 2, 13, 12, 8, 7), (1, 2, 19, 23, 6, 8)]	-11.6343	8
58	[(1, 0, 7, 7, 2, 2), (3, 2, 8, 8, 2, 2), (3, 2, 13, 12, 3, 3), (1, 2, 16, 18, 4, 4), (1, 2, 19, 23, 1, 1)]	-11.6302	4
59	[(3, 2, 13, 12, 6, 5), (1, 2, 16, 18, 4, 4), (1, 2, 19, 23, 2, 2)]	-11.5771	2
60	[(1, 0, 7, 7, 2, 2), (3, 2, 9, 9, 4, 4), (3, 2, 13, 12, 2, 2), (1, 2, 19, 23, 7, 9)]	-11.5714	6
61	[(1, 0, 6, 10, 1, 1), (3, 2, 13, 12, 6, 5), (1, 2, 16, 18, 4, 4), (1, 2, 19, 23, 2, 2)]	-11.5674	1
62	[(1, 0, 7, 7, 2, 2), (3, 2, 13, 12, 8, 7), (1, 2, 16, 18, 3, 3)]	-11.563	2
63	[(3, 2, 9, 9, 4, 4), (3, 2, 13, 12, 2, 2), (1, 2, 16, 18, 4, 4), (1, 2, 19, 23, 1, 1)]	-11.5391	4
64	[(1, 0, 7, 7, 2, 2), (3, 2, 7, 7, 2, 2), (3, 2, 13, 12, 3, 3), (1, 2, 16, 18, 4, 4), (1, 2, 19, 23, 2, 2)]	-11.5352	3
65	[(1, 0, 7, 7, 2, 2), (3, 2, 13, 12, 7, 6), (1, 2, 19, 23, 6, 8)]	-11.534	7
66	[(1, 0, 6, 10, 1, 1), (3, 2, 9, 9, 4, 4), (3, 2, 13, 12, 2, 2), (1, 2, 16, 18, 4, 4), (1, 2, 19, 23, 1, 1)]	-11.5299	1
67	[(3, 2, 13, 12, 7, 6), (1, 2, 16, 18, 3, 3), (1, 2, 19, 23, 1, 1)]	-11.4966	1
68	[(1, 0, 6, 10, 1, 1), (3, 2, 13, 12, 7, 6), (1, 2, 16, 18, 3, 3), (1, 2, 19, 23, 1, 1)]	-11.4863	3
69	[(3, 2, 8, 8, 3, 3), (3, 2, 13, 12, 3, 3), (1, 2, 19, 23, 7, 9)]	-11.4732	4
70	[(1, 0, 6, 10, 1, 1), (3, 2, 8, 8, 3, 3), (3, 2, 13, 12, 3, 3), (1, 2, 19, 23, 7, 9)]	-11.4724	2
71	[(1, 0, 7, 7, 2, 2), (3, 2, 9, 9, 4, 4), (3, 2, 13, 12, 2, 2), (1, 2, 16, 18, 3, 3), (1, 2, 19, 23, 2, 2)]	-11.4449	3
72	[(1, 0, 7, 7, 2, 2), (3, 2, 9, 9, 3, 3), (3, 2, 13, 12, 2, 2), (1, 2, 16, 18, 4, 4), (1, 2, 19, 23, 1, 1)]	-11.4298	1
73	[(1, 0, 7, 7, 2, 2), (3, 2, 8, 8, 3, 3), (3, 2, 13, 12, 3, 3), (1, 2, 16, 18, 4, 4)]	-11.4066	5
74	[(1, 0, 7, 7, 2, 2), (3, 2, 8, 8, 2, 2), (3, 2, 13, 12, 3, 3), (1, 2, 19, 23, 7, 9)]	-11.3723	3
75	[(3, 2, 8, 8, 3, 3), (3, 2, 13, 12, 3, 3), (1, 2, 16, 18, 3, 3), (1, 2, 19, 23, 2, 2)]	-11.3561	2
76	[(1, 0, 7, 7, 2, 2), (3, 0, 7, 10, 2, 2), (3, 2, 13, 12, 3, 3), (1, 2, 16, 18, 4, 4), (1, 2, 19, 23, 1, 1)]	-11.3467	1
77	[(1, 0, 6, 10, 1, 1), (3, 2, 8, 8, 3, 3), (3, 2, 13, 12, 3, 3), (1, 2, 16, 18, 3, 3), (1, 2, 19, 23, 2, 2)]	-11.3452	2
78	[(1, 0, 6, 10, 1, 1), (3, 2, 8, 8, 2, 2), (3, 2, 13, 12, 3, 3), (1, 2, 16, 18, 4, 4), (1, 2, 19, 23, 1, 1)]	-11.3301	4
79	[(3, 2, 9, 9, 4, 4), (3, 2, 13, 12, 2, 2), (1, 2, 19, 23, 7, 9)]	-11.2722	2
80	[(1, 0, 6, 10, 1, 1), (3, 2, 9, 9, 4, 4), (3, 2, 13, 12, 2, 2), (1, 2, 19, 23, 7, 9)]	-11.2714	3
81	[(1, 0, 7, 7, 2, 2), (3, 2, 13, 12, 6, 5), (1, 2, 16, 18, 4, 4), (1, 2, 19, 23, 1, 1)]	-11.2695	1
82	[(3, 2, 13, 12, 8, 7), (1, 2, 16, 18, 3, 3)]	-11.268	2
83	[(1, 0, 6, 10, 1, 1), (3, 2, 13, 12, 8, 7), (1, 2, 16, 18, 3, 3)]	-11.263	1
84	[(1, 0, 7, 7, 2, 2), (3, 2, 8, 8, 2, 2), (3, 2, 13, 12, 3, 3), (1, 2, 16, 18, 3, 3), (1, 2, 19, 23, 2, 2)]	-11.2451	3
85	[(3, 2, 7, 7, 2, 2), (3, 2, 13, 12, 3, 3), (1, 2, 16, 18, 4, 4), (1, 2, 19, 23, 2, 2)]	-11.2449	2
86	[(1, 0, 7, 7, 2, 2), (3, 2, 13, 12, 3, 3), (1, 2, 16, 18, 4, 4), (1, 2, 19, 23, 2, 2)]	-11.2444	1
87	[(3, 2, 13, 12, 7, 6), (1, 2, 19, 23, 6, 8)]	-11.2359	5
88	[(1, 0, 6, 10, 1, 1), (3, 2, 7, 7, 2, 2), (3, 2, 13, 12, 3, 3), (1, 2, 16, 18, 4, 4), (1, 2, 19, 23, 2, 2)]	-11.2352	1
89	[(1, 0, 6, 10, 1, 1), (3, 2, 13, 12, 7, 6), (1, 2, 19, 23, 6, 8)]	-11.234	1
90	[(1, 0, 7, 7, 2, 2), (3, 2, 9, 9, 4, 4), (3, 2, 13, 12, 2, 2), (1, 2, 16, 18, 4, 4)]	-11.2062	7
91	[(1, 0, 7, 7, 2, 2), (3, 2, 9, 9, 3, 3), (3, 2, 13, 12, 2, 2), (1, 2, 19, 23, 7, 9)]	-11.1713	4
92	[(1, 0, 7, 7, 2, 2), (3, 2, 13, 12, 7, 6), (1, 2, 16, 18, 3, 3)]	-11.1627	1
93	[(3, 2, 9, 9, 4, 4), (3, 2, 13, 12, 2, 2), (1, 2, 16, 18, 3, 3), (1, 2, 19, 23, 2, 2)]	-11.1557	1
94	[(1, 0, 6, 10, 1, 1), (3, 2, 9, 9, 4, 4), (3, 2, 13, 12, 2, 2), (1, 2, 16, 18, 3, 3), (1, 2, 19, 23, 2, 2)]	-11.1448	1
95	[(3, 2, 9, 9, 3, 3), (3, 2, 13, 12, 2, 2), (1, 2, 16, 18, 4, 4), (1, 2, 19, 23, 1, 1)]	-11.139	2
96	[(1, 0, 6, 10, 1, 1), (3, 2, 9, 9, 3, 3), (3, 2, 13, 12, 2, 2), (1, 2, 16, 18, 4, 4), (1, 2, 19, 23, 1, 1)]	-11.1298	1
97	[(3, 2, 8, 8, 3, 3), (3, 2, 13, 12, 3, 3), (1, 2, 16, 18, 4, 4)]	-11.1091	4
98	[(1, 0, 6, 10, 1, 1), (3, 2, 8, 8, 3, 3), (3, 2, 13, 12, 3, 3), (1, 2, 16, 18, 4, 4)]	-11.1066	3
99	[(1, 0, 7, 7, 2, 2), (3, 0, 7, 10, 2, 2), (3, 2, 13, 12, 3, 3), (1, 2, 19, 23, 7, 9)]	-11.0889	1
100	[(3, 2, 8, 8, 2, 2), (3, 2, 13, 12, 3, 3), (1, 2, 19, 23, 7, 9)]	-11.073	3
101	[(1, 0, 6, 10, 1, 1), (3, 2, 8, 8, 2, 2), (3, 2, 13, 12, 3, 3), (1, 2, 19, 23, 7, 9)]	-11.0723	2
102	[(3, 0, 7, 10, 2, 2), (3, 2, 13, 12, 3, 3), (1, 2, 16, 18, 4, 4), (1, 2, 19, 23, 1, 1)]	-11.0558	1
103	[(1, 0, 7, 7, 2, 2), (3, 2, 8, 8, 3, 3), (3, 2, 13, 12, 3, 3), (1, 2, 16, 18, 3, 3), (1, 2, 19, 23, 1, 1)]	-11.0473	2
104	[(1, 0, 7, 7, 2, 2), (3, 2, 9, 9, 3, 3), (3, 2, 13, 12, 2, 2), (1, 2, 16, 18, 3, 3), (1, 2, 19, 23, 2, 2)]	-11.0448	1
105	[(1, 0, 7, 7, 2, 2), (3, 2, 8, 8, 3, 3), (3, 2, 13, 12, 2, 2), (1, 2, 16, 18, 4, 4), (1, 2, 19, 23, 2, 2)]	-11.0289	1
106	[(1, 0, 7, 7, 2, 2), (3, 2, 13, 12, 6, 5), (1, 2, 19, 23, 7, 9)]	-11.017	1
107	[(1, 0, 7, 7, 2, 2), (3, 2, 8, 8, 2, 2), (3, 2, 13, 12, 3, 3), (1, 2, 16, 18, 4, 4)]	-11.0065	2
108	[(1, 2, 6, 7, 1, 1), (3, 0, 7, 10, 2, 2), (3, 2, 13, 12, 3, 3), (1, 2, 19, 23, 7, 9)]	-10.9795	2
109	[(3, 2, 13, 12, 6, 5), (1, 2, 16, 18, 4, 4), (1, 2, 19, 23, 1, 1)]	-10.9786	1
110	[(1, 0, 7, 7, 2, 2), (3, 0, 7, 10, 2, 2), (3, 2, 13, 12, 3, 3), (1, 2, 16, 18, 3, 3), (1, 2, 19, 23, 2, 2)]	-10.9617	1
111	[(3, 2, 8, 8, 2, 2), (3, 2, 13, 12, 3, 3), (1, 2, 16, 18, 3, 3), (1, 2, 19, 23, 2, 2)]	-10.9559	1
112	[(3, 2, 13, 12, 3, 3), (1, 2, 16, 18, 4, 4), (1, 2, 19, 23, 2, 2)]	-10.9541	1
113	[(1, 0, 6, 10, 1, 1), (3, 2, 8, 8, 2, 2), (3, 2, 13, 12, 3, 3), (1, 2, 16, 18, 3, 3), (1, 2, 19, 23, 2, 2)]	-10.9451	1
114	[(1, 0, 6, 10, 1, 1), (3, 2, 13, 12, 3, 3), (1, 2, 16, 18, 4, 4), (1, 2, 19, 23, 2, 2)]	-10.9444	1
115	[(1, 0, 7, 7, 2, 2), (3, 2, 7, 7, 2, 2), (3, 2, 13, 12, 3, 3), (1, 2, 16, 18, 4, 4), (1, 2, 19, 23, 1, 1)]	-10.9372	2
116	[(3, 2, 9, 9, 4, 4), (3, 2, 13, 12, 2, 2), (1, 2, 16, 18, 4, 4)]	-10.9087	3
117	[(1, 0, 6, 10, 1, 1), (3, 2, 9, 9, 4, 4), (3, 2, 13, 12, 2, 2), (1, 2, 16, 18, 4, 4)]	-10.9062	3
118	[(1, 0, 7, 7, 2, 2), (3, 2, 13, 12, 6, 5), (1, 2, 16, 18, 3, 3), (1, 2, 19, 23, 2, 2)]	-10.8844	1
119	[(3, 2, 9, 9, 3, 3), (3, 2, 13, 12, 2, 2), (1, 2, 19, 23, 7, 9)]	-10.8721	3
120	[(1, 0, 6, 10, 1, 1), (3, 2, 9, 9, 3, 3), (3, 2, 13, 12, 2, 2), (1, 2, 19, 23, 7, 9)]	-10.8713	4
121	[(3, 2, 13, 12, 7, 6), (1, 2, 16, 18, 3, 3)]	-10.8677	1
122	[(1, 0, 6, 10, 1, 1), (3, 2, 13, 12, 7, 6), (1, 2, 16, 18, 3, 3)]	-10.8626	1
123	[(1, 0, 7, 7, 2, 2), (3, 2, 11, 12, 6, 7), (1, 2, 16, 18, 4, 4), (1, 2, 19, 23, 2, 2)]	-10.8555	2
124	[(1, 0, 7, 7, 2, 2), (3, 2, 9, 9, 4, 4), (3, 2, 13, 12, 2, 2), (1, 2, 16, 18, 3, 3), (1, 2, 19, 23, 1, 1)]	-10.8469	3
125	[(1, 0, 7, 7, 2, 2), (3, 2, 9, 9, 3, 3), (3, 2, 13, 12, 2, 2), (1, 2, 16, 18, 4, 4)]	-10.8061	1
126	[(3, 2, 8, 8, 3, 3), (3, 2, 13, 12, 3, 3), (1, 2, 16, 18, 3, 3), (1, 2, 19, 23, 1, 1)]	-10.7575	1
127	[(1, 0, 6, 10, 1, 1), (3, 2, 8, 8, 3, 3), (3, 2, 13, 12, 3, 3), (1, 2, 16, 18, 3, 3), (1, 2, 19, 23, 1, 1)]	-10.7473	1
128	[(1, 0, 6, 10, 1, 1), (3, 2, 9, 9, 3, 3), (3, 2, 13, 12, 2, 2), (1, 2, 16, 18, 3, 3), (1, 2, 19, 23, 2, 2)]	-10.7447	1
129	[(1, 0, 6, 10, 1, 1), (3, 2, 8, 8, 3, 3), (3, 2, 13, 12, 2, 2), (1, 2, 16, 18, 4, 4), (1, 2, 19, 23, 2, 2)]	-10.7289	1
130	[(3, 2, 13, 12, 6, 5), (1, 2, 19, 23, 7, 9)]	-10.7178	2
131	[(1, 0, 6, 10, 1, 1), (3, 2, 13, 12, 6, 5), (1, 2, 19, 23, 7, 9)]	-10.717	3
132	[(3, 2, 8, 8, 2, 2), (3, 2, 13, 12, 3, 3), (1, 2, 16, 18, 4, 4)]	-10.7089	1
133	[(1, 0, 6, 10, 1, 1), (3, 2, 8, 8, 2, 2), (3, 2, 13, 12, 3, 3), (1, 2, 16, 18, 4, 4)]	-10.7064	1
134	[(1, 0, 7, 7, 2, 2), (3, 2, 7, 7, 2, 2), (3, 2, 13, 12, 3, 3), (1, 2, 19, 23, 7, 9)]	-10.6793	2
135	[(1, 0, 7, 7, 2, 2), (3, 2, 8, 8, 2, 2), (3, 2, 13, 12, 3, 3), (1, 2, 16, 18, 3, 3), (1, 2, 19, 23, 1, 1)]	-10.6471	2
136	[(1, 0, 7, 7, 2, 2), (3, 2, 13, 12, 6, 5), (1, 2, 16, 18, 4, 4)]	-10.6458	1
137	[(1, 0, 6, 10, 1, 1), (3, 2, 7, 7, 2, 2), (3, 2, 13, 12, 3, 3), (1, 2, 16, 18, 4, 4), (1, 2, 19, 23, 1, 1)]	-10.6372	2
138	[(3, 2, 13, 12, 6, 5), (1, 2, 16, 18, 3, 3), (1, 2, 19, 23, 2, 2)]	-10.5952	1
139	[(1, 0, 7, 7, 2, 2), (3, 2, 9, 9, 4, 4), (3, 2, 13, 12, 2, 2), (1, 2, 19, 23, 6, 8)]	-10.5884	2
140	[(3, 2, 11, 12, 6, 7), (1, 2, 16, 18, 4, 4), (1, 2, 19, 23, 2, 2)]	-10.5652	2
141	[(3, 2, 9, 9, 4, 4), (3, 2, 13, 12, 2, 2), (1, 2, 16, 18, 3, 3), (1, 2, 19, 23, 1, 1)]	-10.5571	1
142	[(1, 0, 7, 7, 2, 2), (3, 2, 9, 9, 2, 2), (3, 2, 13, 12, 2, 2), (1, 2, 16, 18, 4, 4), (1, 2, 19, 23, 2, 2)]	-10.5288	2
143	[(3, 2, 8, 8, 3, 3), (3, 2, 13, 12, 3, 3), (1, 2, 19, 23, 6, 8)]	-10.4913	2
144	[(1, 0, 6, 10, 1, 1), (3, 2, 8, 8, 3, 3), (3, 2, 13, 12, 3, 3), (1, 2, 19, 23, 6, 8)]	-10.4894	4
145	[(1, 0, 7, 7, 2, 2), (3, 2, 9, 9, 3, 3), (3, 2, 13, 12, 2, 2), (1, 2, 16, 18, 3, 3), (1, 2, 19, 23, 1, 1)]	-10.4468	1
146	[(1, 0, 7, 7, 2, 2), (3, 2, 8, 8, 3, 3), (3, 2, 13, 12, 2, 2), (1, 2, 16, 18, 4, 4), (1, 2, 19, 23, 1, 1)]	-10.431	1
147	[(3, 0, 7, 10, 2, 2), (3, 2, 13, 12, 3, 3), (1, 2, 16, 18, 4, 4)]	-10.4254	1
148	[(1, 0, 7, 7, 2, 2), (3, 2, 8, 8, 3, 3), (3, 2, 13, 12, 3, 3), (1, 2, 16, 18, 3, 3)]	-10.4236	1
149	[(1, 0, 7, 7, 2, 2), (3, 2, 8, 8, 2, 2), (3, 2, 13, 12, 3, 3), (1, 2, 19, 23, 6, 8)]	-10.3892	2
150	[(1, 0, 7, 7, 2, 2), (3, 0, 7, 10, 2, 2), (3, 2, 13, 12, 3, 3), (1, 2, 16, 18, 3, 3), (1, 2, 19, 23, 1, 1)]	-10.3637	2
151	[(3, 2, 8, 8, 2, 2), (3, 2, 13, 12, 3, 3), (1, 2, 16, 18, 3, 3), (1, 2, 19, 23, 1, 1)]	-10.3573	1
152	[(3, 2, 13, 12, 6, 5), (1, 2, 16, 18, 4, 4)]	-10.3482	1
153	[(1, 0, 6, 10, 1, 1), (3, 2, 13, 12, 3, 3), (1, 2, 16, 18, 4, 4), (1, 2, 19, 23, 1, 1)]	-10.3464	1
154	[(1, 0, 6, 10, 1, 1), (3, 2, 13, 12, 6, 5), (1, 2, 16, 18, 4, 4)]	-10.3457	1
155	[(3, 2, 9, 9, 4, 4), (1, 2, 6, 12, 1, 1), (1, 2, 16, 18, 4, 4), (1, 2, 19, 23, 2, 2), (3, 0, 12, 7, 2, 2)]	-10.3289	1
156	[(1, 0, 6, 10, 1, 1), (3, 2, 8, 8, 2, 2), (3, 2, 13, 12, 2, 2), (1, 2, 16, 18, 4, 4), (1, 2, 19, 23, 2, 2)]	-10.3289	2
157	[(1, 0, 6, 10, 1, 1), (3, 2, 9, 9, 4, 4), (3, 2, 11, 12, 1, 1), (1, 2, 16, 18, 4, 4), (1, 2, 19, 23, 2, 2)]	-10.3289	2
158	[(1, 0, 7, 7, 2, 2), (3, 2, 13, 12, 6, 5), (1, 2, 16, 18, 3, 3), (1, 2, 19, 23, 1, 1)]	-10.2864	1
159	[(1, 2, 6, 7, 1, 1), (3, 2, 13, 12, 3, 3), (1, 2, 19, 23, 7, 9)]	-10.2792	1
160	[(3, 2, 9, 9, 2, 2), (3, 2, 13, 12, 2, 2), (1, 2, 16, 18, 4, 4), (1, 2, 19, 23, 2, 2)]	-10.2385	1
161	[(1, 0, 7, 7, 2, 2), (3, 2, 11, 10, 6, 5), (1, 2, 16, 18, 4, 4), (1, 2, 19, 23, 2, 2)]	-10.2313	1
162	[(1, 0, 7, 7, 2, 2), (3, 2, 12, 11, 7, 6), (1, 2, 16, 18, 4, 4), (1, 2, 19, 23, 1, 1)]	-10.2145	1
163	[(3, 2, 9, 9, 4, 4), (3, 0, 12, 7, 2, 2), (1, 0, 6, 10, 1, 1), (1, 2, 16, 18, 4, 4), (1, 2, 19, 23, 2, 2)]	-10.1913	1
164	[(1, 0, 7, 7, 2, 2), (3, 2, 8, 8, 3, 3), (3, 2, 13, 12, 2, 2), (1, 2, 19, 23, 7, 9)]	-10.1725	2
165	[(3, 2, 9, 9, 3, 3), (3, 2, 13, 12, 2, 2), (1, 2, 16, 18, 3, 3), (1, 2, 19, 23, 1, 1)]	-10.157	1
166	[(3, 2, 8, 8, 3, 3), (3, 2, 13, 12, 2, 2), (1, 2, 16, 18, 4, 4), (1, 2, 19, 23, 1, 1)]	-10.1401	1
167	[(1, 0, 6, 10, 1, 1), (3, 2, 8, 8, 3, 3), (3, 2, 13, 12, 3, 3), (1, 2, 16, 18, 3, 3)]	-10.1236	1
168	[(1, 0, 7, 7, 2, 2), (3, 2, 9, 9, 3, 3), (1, 2, 16, 18, 4, 4), (1, 2, 19, 23, 2, 2), (3, 0, 11, 10, 1, 1)]	-10.0912	1
169	[(1, 0, 6, 10, 1, 1), (3, 2, 13, 12, 3, 3), (1, 2, 19, 23, 7, 9)]	-10.0885	2
170	[(3, 0, 7, 10, 2, 2), (3, 2, 13, 12, 3, 3), (1, 2, 16, 18, 3, 3), (1, 2, 19, 23, 1, 1)]	-10.0739	1
171	[(1, 0, 7, 7, 2, 2), (3, 2, 13, 12, 8, 7), (1, 2, 17, 20, 5, 6), (1, 2, 19, 23, 1, 1)]	-10.0699	2
172	[(1, 0, 7, 7, 2, 2), (3, 2, 8, 8, 2, 2), (3, 2, 13, 12, 3, 3), (1, 2, 16, 18, 3, 3)]	-10.0234	1
173	[(3, 2, 7, 7, 2, 2), (3, 2, 13, 12, 3, 3), (1, 2, 16, 18, 4, 4)]	-10.0159	1
174	[(3, 2, 13, 12, 6, 5), (1, 2, 16, 18, 3, 3), (1, 2, 19, 23, 1, 1)]	-9.99662	1
175	[(1, 0, 6, 10, 1, 1), (3, 2, 11, 10, 6, 5), (1, 2, 16, 18, 4, 4), (1, 2, 19, 23, 2, 2)]	-9.93129	2
176	[(1, 0, 7, 7, 2, 2), (3, 2, 9, 9, 2, 2), (3, 2, 13, 12, 2, 2), (1, 2, 16, 18, 4, 4), (1, 2, 19, 23, 1, 1)]	-9.93077	1
177	[(3, 2, 9, 9, 3, 3), (3, 2, 13, 12, 2, 2), (1, 2, 19, 23, 6, 8)]	-9.89015	1
178	[(1, 0, 6, 10, 1, 1), (3, 2, 8, 8, 3, 3), (3, 2, 13, 12, 2, 2), (1, 2, 19, 23, 7, 9)]	-9.87242	2
179	[(3, 2, 13, 12, 8, 7), (1, 2, 18, 22, 6, 8)]	-9.81904	1
180	[(3, 0, 7, 10, 2, 2), (3, 2, 13, 12, 3, 3), (1, 2, 19, 23, 6, 8)]	-9.80767	1
181	[(1, 0, 7, 7, 2, 2), (3, 2, 9, 9, 4, 4), (3, 2, 11, 12, 1, 1), (1, 2, 19, 23, 7, 9)]	-9.77114	2
182	[(3, 2, 8, 8, 3, 3), (3, 2, 13, 12, 2, 2), (1, 2, 16, 18, 3, 3), (1, 2, 19, 23, 2, 2)]	-9.75669	1
183	[(3, 2, 9, 9, 4, 4), (1, 2, 6, 12, 1, 1), (1, 2, 16, 18, 4, 4), (1, 2, 19, 23, 1, 1), (3, 0, 12, 7, 2, 2)]	-9.73092	1
184	[(1, 0, 6, 10, 1, 1), (3, 2, 8, 8, 2, 2), (3, 2, 13, 12, 3, 3), (1, 2, 16, 18, 3, 3)]	-9.72337	1
185	[(3, 2, 8, 8, 3, 3), (1, 2, 7, 11, 2, 2), (1, 2, 16, 18, 4, 4), (1, 2, 19, 23, 2, 2), (3, 0, 12, 7, 2, 2)]	-9.68553	1
186	[(3, 2, 8, 8, 3, 3), (1, 2, 7, 11, 2, 2), (1, 2, 16, 18, 4, 4), (1, 2, 19, 23, 2, 2), (3, 0, 11, 10, 1, 1)]	-9.6855	1
187	[(3, 2, 13, 12, 8, 7), (1, 2, 16, 18, 4, 5), (1, 2, 19, 23, 2, 2)]	-9.67795	1
188	[(1, 0, 7, 7, 2, 2), (3, 2, 13, 12, 6, 5), (1, 2, 16, 18, 3, 3)]	-9.66271	2
189	[(1, 0, 6, 10, 1, 1), (3, 2, 7, 7, 2, 2), (3, 2, 13, 12, 3, 3), (1, 2, 16, 18, 3, 3), (1, 2, 19, 23, 1, 1)]	-9.65413	1
190	[(1, 0, 6, 10, 1, 1), (3, 2, 7, 7, 2, 2), (3, 2, 13, 12, 2, 2), (1, 2, 16, 18, 4, 4), (1, 2, 19, 23, 2, 2)]	-9.63577	1
191	[(3, 2, 9, 9, 4, 4), (1, 2, 16, 18, 4, 4), (1, 2, 19, 23, 1, 1), (3, 0, 11, 10, 1, 1)]	-9.60094	1
192	[(1, 0, 6, 10, 1, 1), (3, 2, 9, 9, 3, 3), (1, 2, 16, 18, 4, 4), (1, 2, 19, 23, 2, 2)]	-9.49131	1
193	[(1, 0, 7, 7, 2, 2), (3, 0, 7, 10, 2, 2), (3, 2, 13, 12, 2, 2), (1, 2, 19, 23, 7, 9)]	-9.48884	1
194	[(3, 2, 8, 8, 2, 2), (3, 2, 13, 12, 2, 2), (1, 2, 19, 23, 7, 9)]	-9.47318	1
195	[(1, 0, 6, 10, 1, 1), (3, 2, 8, 8, 2, 2), (3, 2, 13, 12, 2, 2), (1, 2, 19, 23, 7, 9)]	-9.47239	1
196	[(3, 2, 11, 10, 6, 5), (1, 2, 6, 12, 1, 1), (1, 2, 16, 18, 4, 4), (1, 2, 19, 23, 1, 1)]	-9.47171	1
197	[(3, 2, 9, 9, 4, 4), (1, 2, 6, 12, 1, 1), (1, 2, 19, 23, 7, 9), (3, 0, 11, 10, 1, 1)]	-9.47111	1
198	[(1, 2, 6, 7, 1, 1), (3, 0, 7, 10, 2, 2), (3, 2, 13, 12, 2, 2), (1, 2, 19, 23, 7, 9)]	-9.37945	1
199	[(3, 2, 11, 12, 5, 6), (1, 2, 19, 23, 7, 9)]	-9.30577	1
200	[(1, 0, 6, 10, 1, 1), (3, 2, 11, 12, 5, 6), (1, 2, 19, 23, 7, 9)]	-9.30498	1
201	[(3, 2, 8, 8, 2, 2), (1, 2, 7, 11, 2, 2), (1, 2, 16, 18, 4, 4), (1, 2, 19, 23, 2, 2), (3, 0, 12, 7, 2, 2)]	-9.28522	1
202	[(1, 0, 7, 7, 2, 2), (3, 2, 11, 12, 5, 6), (1, 2, 16, 18, 4, 4)]	-9.23366	1
203	[(1, 0, 7, 7, 2, 2), (3, 2, 14, 12, 9, 7), (1, 2, 16, 18, 4, 4), (1, 2, 19, 23, 2, 2)]	-9.20041	1
204	[(1, 0, 6, 10, 1, 1), (3, 2, 13, 12, 8, 7), (1, 2, 15, 17, 3, 3), (1, 2, 19, 23, 2, 2)]	-9.16784	1
205	[(3, 2, 13, 12, 3, 3), (1, 2, 19, 23, 6, 8)]	-9.10736	1
206	[(3, 2, 8, 8, 3, 3), (1, 2, 7, 11, 2, 2), (1, 2, 16, 18, 4, 4), (1, 2, 19, 23, 1, 1), (3, 0, 11, 10, 1, 1)]	-9.08607	1
207	[(3, 2, 9, 9, 3, 3), (3, 2, 11, 12, 1, 1), (1, 2, 19, 23, 7, 9)]	-9.07183	1
208	[(1, 0, 7, 7, 2, 2), (3, 2, 11, 10, 6, 5), (1, 2, 16, 18, 4, 4)]	-8.96248	1
209	[(1, 0, 7, 7, 2, 2), (3, 2, 9, 9, 2, 2), (3, 2, 13, 12, 2, 2), (1, 2, 16, 18, 3, 3), (1, 2, 19, 23, 1, 1)]	-8.94772	1
210	[(3, 2, 9, 9, 4, 4), (3, 0, 12, 7, 2, 2), (1, 0, 6, 10, 1, 1), (1, 2, 16, 18, 4, 4)]	-8.91761	1
211	[(1, 0, 6, 10, 1, 1), (3, 2, 8, 8, 3, 3), (3, 2, 13, 12, 2, 2), (1, 2, 19, 23, 6, 8)]	-8.88937	1
212	[(3, 2, 11, 10, 6, 5), (1, 2, 6, 12, 1, 1), (1, 2, 16, 18, 4, 4)]	-8.84725	1
213	[(1, 0, 7, 7, 2, 2), (3, 2, 8, 8, 3, 3), (3, 2, 13, 12, 3, 3), (1, 2, 16, 18, 4, 5), (1, 2, 19, 23, 2, 2)]	-8.82883	1
214	[(1, 0, 7, 7, 2, 2), (3, 2, 7, 7, 2, 2), (3, 2, 13, 12, 2, 2), (1, 2, 16, 18, 4, 4)]	-8.71412	1
215	[(3, 2, 11, 10, 5, 4), (1, 2, 6, 12, 1, 1), (1, 2, 16, 18, 3, 3), (1, 2, 19, 23, 2, 2)]	-8.68834	1
216	[(1, 0, 6, 10, 1, 1), (3, 2, 13, 12, 7, 6), (1, 2, 16, 18, 4, 5), (1, 2, 19, 23, 1, 1)]	-8.66989	1
217	[(1, 0, 6, 10, 1, 1), (3, 2, 9, 9, 2, 2), (3, 2, 13, 12, 2, 2), (1, 2, 16, 18, 3, 3), (1, 2, 19, 23, 1, 1)]	-8.64768	1
218	[(1, 0, 7, 7, 2, 2), (3, 2, 8, 8, 3, 3), (3, 2, 11, 12, 1, 1), (1, 2, 16, 18, 4, 4), (1, 2, 19, 23, 1, 1)]	-8.63194	1
219	[(1, 0, 6, 10, 1, 1), (3, 2, 8, 8, 3, 3), (3, 2, 13, 12, 3, 3), (1, 2, 16, 18, 4, 5), (1, 2, 19, 23, 2, 2)]	-8.52879	1
220	[(1, 0, 7, 7, 2, 2), (3, 2, 13, 12, 7, 6), (1, 2, 16, 18, 4, 5)]	-8.34623	1
221	[(1, 0, 6, 10, 1, 1), (3, 2, 8, 8, 3, 3), (3, 2, 11, 12, 1, 1), (1, 2, 16, 18, 4, 4), (1, 2, 19, 23, 1, 1)]	-8.3319	1
222	[(3, 2, 7, 7, 2, 2), (1, 2, 7, 11, 2, 2), (1, 2, 16, 18, 4, 4), (1, 2, 19, 23, 2, 2)]	-8.28549	1
223	[(3, 2, 7, 10, 2, 2), (1, 2, 16, 18, 4, 4), (1, 2, 19, 23, 2, 2)]	-8.0154	1
224	[(1, 0, 7, 7, 2, 2), (3, 2, 8, 8, 3, 3), (3, 2, 13, 12, 3, 3), (1, 2, 19, 23, 7, 10)]	-7.97316	1
225	[(3, 2, 8, 8, 3, 3), (1, 2, 6, 10, 1, 1), (1, 2, 19, 23, 7, 9), (3, 0, 11, 10, 1, 1)]	-7.88909	1
226	[(1, 0, 6, 10, 1, 1), (3, 2, 7, 10, 2, 2), (1, 2, 16, 18, 4, 4), (1, 2, 19, 23, 1, 1)]	-7.40624	1
227	[(3, 2, 13, 12, 7, 6), (1, 2, 15, 17, 2, 2), (1, 2, 19, 23, 1, 1)]	-7.26206	1
228	[(1, 0, 7, 7, 2, 2), (3, 2, 12, 11, 5, 4), (1, 2, 19, 23, 6, 8)]	-7.03346	1
229	[(1, 0, 6, 10, 1, 1), (3, 2, 13, 12, 7, 6), (1, 2, 11, 16, 1, 1), (1, 2, 19, 23, 4, 6)]	-6.96814	1
230	[(1, 0, 7, 7, 2, 2), (3, 2, 9, 9, 2, 2), (3, 2, 11, 12, 1, 1), (1, 2, 19, 23, 6, 8)]	-6.88895	1
231	[(1, 0, 7, 7, 2, 2), (3, 2, 8, 8, 2, 2), (3, 2, 13, 12, 3, 3), (1, 2, 14, 16, 2, 2)]	-6.30589	1
232	[(1, 0, 6, 10, 1, 1), (3, 2, 8, 8, 2, 2), (3, 2, 13, 12, 3, 3), (1, 2, 9, 16, 1, 1), (1, 2, 16, 18, 1, 1), (1, 2, 19, 23, 1, 1)]	-6.22547	1
233	[(3, 2, 8, 8, 2, 2), (3, 0, 12, 7, 2, 2), (1, 0, 6, 10, 1, 1), (1, 2, 19, 23, 10, 12)]	-5.39687	1
