1	[(1, 0, 7, 7, 2, 2), (3, 2, 13, 12, 8, 7), (1, 2, 16, 18, 4, 4), (1, 2, 19, 23, 2, 2)]	13.7677
2	[(3, 2, 13, 12, 8, 7), (1, 2, 16, 18, 4, 4), (1, 2, 19, 23, 2, 2)]	13.4774
3	[(1, 0, 7, 7, 2, 2), (3, 2, 13, 12, 8, 7), (1, 2, 16, 18, 4, 4)]	12.5461
4	[(3, 2, 13, 12, 8, 7), (1, 2, 16, 18, 4, 4)]	12.2485
5	[(1, 0, 7, 7, 2, 2), (3, 0, 7, 10, 2, 2), (3, 2, 13, 12, 3, 3), (1, 2, 16, 18, 4, 4), (1, 2, 19, 23, 2, 2)]	11.9447
6	[(1, 2, 6, 7, 1, 1), (3, 0, 7, 10, 2, 2), (3, 2, 13, 12, 3, 3), (1, 2, 16, 18, 4, 4), (1, 2, 19, 23, 2, 2)]	11.8353
7	[(3, 0, 7, 10, 2, 2), (3, 2, 13, 12, 3, 3), (1, 2, 16, 18, 4, 4), (1, 2, 19, 23, 2, 2)]	11.6544
8	[(1, 0, 7, 7, 2, 2), (3, 2, 13, 12, 3, 3), (1, 2, 16, 18, 4, 4), (1, 2, 19, 23, 2, 2)]	11.2444
9	[(3, 2, 13, 12, 3, 3), (1, 2, 16, 18, 4, 4), (1, 2, 19, 23, 2, 2)]	10.9541
10	[(3, 0, 7, 10, 2, 2), (3, 2, 13, 12, 3, 3), (1, 2, 16, 18, 4, 4)]	10.4254
11	[(3, 2, 9, 9, 4, 4), (1, 2, 6, 12, 1, 1), (1, 2, 16, 18, 4, 4), (1, 2, 19, 23, 2, 2), (3, 0, 12, 7, 2, 2)]	10.3289
12	[(1, 2, 6, 7, 1, 1), (3, 2, 13, 12, 3, 3), (1, 2, 19, 23, 7, 9)]	10.2792
13	[(3, 2, 9, 9, 4, 4), (3, 0, 12, 7, 2, 2), (1, 0, 6, 10, 1, 1), (1, 2, 16, 18, 4, 4), (1, 2, 19, 23, 2, 2)]	10.1913
14	[(1, 0, 7, 7, 2, 2), (3, 2, 9, 9, 3, 3), (1, 2, 16, 18, 4, 4), (1, 2, 19, 23, 2, 2), (3, 0, 11, 10, 1, 1)]	10.0912
15	[(1, 0, 7, 7, 2, 2), (3, 2, 13, 12, 8, 7), (1, 2, 17, 20, 5, 6), (1, 2, 19, 23, 1, 1)]	10.0699
16	[(3, 2, 9, 9, 4, 4), (1, 2, 16, 18, 4, 4), (1, 2, 19, 23, 1, 1), (3, 0, 11, 10, 1, 1)]	9.60094
17	[(3, 2, 11, 10, 6, 5), (1, 2, 6, 12, 1, 1), (1, 2, 16, 18, 4, 4), (1, 2, 19, 23, 1, 1)]	9.47171
18	[(1, 0, 7, 7, 2, 2), (3, 2, 14, 12, 9, 7), (1, 2, 16, 18, 4, 4), (1, 2, 19, 23, 2, 2)]	9.20041
19	[(3, 2, 9, 9, 4, 4), (3, 0, 12, 7, 2, 2), (1, 0, 6, 10, 1, 1), (1, 2, 16, 18, 4, 4)]	8.91761
20	[(3, 2, 7, 7, 2, 2), (1, 2, 7, 11, 2, 2), (1, 2, 16, 18, 4, 4), (1, 2, 19, 23, 2, 2)]	8.28549
21	[(3, 2, 8, 8, 2, 2), (3, 0, 12, 7, 2, 2), (1, 0, 6, 10, 1, 1), (1, 2, 19, 23, 10, 12)]	5.39687
