([(1, 0, 7, 7, 2, 2), (3, 2, 13, 12, 8, 7), (1, 2, 16, 18, 4, 4), (1, 2, 19, 23, 2, 2)], -13.7677)  belongs to   1 
([(3, 2, 13, 12, 8, 7), (1, 2, 16, 18, 4, 4), (1, 2, 19, 23, 2, 2)], -13.4774)  belongs to   2 
([(1, 0, 6, 10, 1, 1), (3, 2, 13, 12, 8, 7), (1, 2, 16, 18, 4, 4), (1, 2, 19, 23, 2, 2)], -13.4677)  belongs to   1 
([(1, 0, 7, 7, 2, 2), (3, 2, 13, 12, 7, 6), (1, 2, 16, 18, 4, 4), (1, 2, 19, 23, 2, 2)], -13.3674)  belongs to   1 
([(1, 0, 7, 7, 2, 2), (3, 2, 13, 12, 8, 7), (1, 2, 16, 18, 4, 4), (1, 2, 19, 23, 1, 1)], -13.1698)  belongs to   1 
([(3, 2, 13, 12, 7, 6), (1, 2, 16, 18, 4, 4), (1, 2, 19, 23, 2, 2)], -13.0771)  belongs to   2 
([(1, 0, 6, 10, 1, 1), (3, 2, 13, 12, 7, 6), (1, 2, 16, 18, 4, 4), (1, 2, 19, 23, 2, 2)], -13.0674)  belongs to   1 
([(1, 0, 7, 7, 2, 2), (3, 2, 13, 12, 8, 7), (1, 2, 19, 23, 7, 9)], -12.9174)  belongs to   1 
([(3, 2, 13, 12, 8, 7), (1, 2, 16, 18, 4, 4), (1, 2, 19, 23, 1, 1)], -12.8789)  belongs to   2 
([(1, 0, 6, 10, 1, 1), (3, 2, 13, 12, 8, 7), (1, 2, 16, 18, 4, 4), (1, 2, 19, 23, 1, 1)], -12.8697)  belongs to   1 
([(1, 0, 7, 7, 2, 2), (3, 2, 13, 12, 8, 7), (1, 2, 16, 18, 3, 3), (1, 2, 19, 23, 2, 2)], -12.7847)  belongs to   1 
([(1, 0, 7, 7, 2, 2), (3, 2, 13, 12, 7, 6), (1, 2, 16, 18, 4, 4), (1, 2, 19, 23, 1, 1)], -12.7694)  belongs to   1 
([(1, 0, 7, 7, 2, 2), (3, 2, 8, 8, 3, 3), (3, 2, 13, 12, 3, 3), (1, 2, 16, 18, 4, 4), (1, 2, 19, 23, 2, 2)], -12.6283)  belongs to   1 
([(3, 2, 13, 12, 8, 7), (1, 2, 19, 23, 7, 9)], -12.6182)  belongs to   2 
([(1, 0, 6, 10, 1, 1), (3, 2, 13, 12, 8, 7), (1, 2, 19, 23, 7, 9)], -12.6174)  belongs to   1 
([(1, 0, 7, 7, 2, 2), (3, 2, 13, 12, 8, 7), (1, 2, 16, 18, 4, 4)], -12.5461)  belongs to   3 
([(1, 0, 7, 7, 2, 2), (3, 2, 13, 12, 7, 6), (1, 2, 19, 23, 7, 9)], -12.5171)  belongs to   1 
([(3, 2, 13, 12, 8, 7), (1, 2, 16, 18, 3, 3), (1, 2, 19, 23, 2, 2)], -12.4955)  belongs to   2 
([(1, 0, 6, 10, 1, 1), (3, 2, 13, 12, 8, 7), (1, 2, 16, 18, 3, 3), (1, 2, 19, 23, 2, 2)], -12.4847)  belongs to   1 
([(3, 2, 13, 12, 7, 6), (1, 2, 16, 18, 4, 4), (1, 2, 19, 23, 1, 1)], -12.4785)  belongs to   2 
([(1, 0, 6, 10, 1, 1), (3, 2, 13, 12, 7, 6), (1, 2, 16, 18, 4, 4), (1, 2, 19, 23, 1, 1)], -12.4694)  belongs to   1 
([(1, 0, 7, 7, 2, 2), (3, 2, 9, 9, 4, 4), (3, 2, 13, 12, 2, 2), (1, 2, 16, 18, 4, 4), (1, 2, 19, 23, 2, 2)], -12.4279)  belongs to   1 
([(1, 0, 7, 7, 2, 2), (3, 2, 13, 12, 7, 6), (1, 2, 16, 18, 3, 3), (1, 2, 19, 23, 2, 2)], -12.3844)  belongs to   1 
([(3, 2, 8, 8, 3, 3), (3, 2, 13, 12, 3, 3), (1, 2, 16, 18, 4, 4), (1, 2, 19, 23, 2, 2)], -12.338)  belongs to   2 
([(1, 0, 6, 10, 1, 1), (3, 2, 8, 8, 3, 3), (3, 2, 13, 12, 3, 3), (1, 2, 16, 18, 4, 4), (1, 2, 19, 23, 2, 2)], -12.3283)  belongs to   1 
([(3, 2, 13, 12, 8, 7), (1, 2, 16, 18, 4, 4)], -12.2485)  belongs to   4 
([(1, 0, 6, 10, 1, 1), (3, 2, 13, 12, 8, 7), (1, 2, 16, 18, 4, 4)], -12.246)  belongs to   3 
([(1, 0, 7, 7, 2, 2), (3, 2, 8, 8, 2, 2), (3, 2, 13, 12, 3, 3), (1, 2, 16, 18, 4, 4), (1, 2, 19, 23, 2, 2)], -12.2281)  belongs to   1 
([(3, 2, 13, 12, 7, 6), (1, 2, 19, 23, 7, 9)], -12.2178)  belongs to   2 
([(1, 0, 6, 10, 1, 1), (3, 2, 13, 12, 7, 6), (1, 2, 19, 23, 7, 9)], -12.217)  belongs to   1 
([(1, 0, 7, 7, 2, 2), (3, 2, 13, 12, 8, 7), (1, 2, 16, 18, 3, 3), (1, 2, 19, 23, 1, 1)], -12.1867)  belongs to   1 
([(1, 0, 7, 7, 2, 2), (3, 2, 13, 12, 7, 6), (1, 2, 16, 18, 4, 4)], -12.1457)  belongs to   3 
([(3, 2, 9, 9, 4, 4), (3, 2, 13, 12, 2, 2), (1, 2, 16, 18, 4, 4), (1, 2, 19, 23, 2, 2)], -12.1376)  belongs to   2 
([(1, 0, 6, 10, 1, 1), (3, 2, 9, 9, 4, 4), (3, 2, 13, 12, 2, 2), (1, 2, 16, 18, 4, 4), (1, 2, 19, 23, 2, 2)], -12.1279)  belongs to   1 
([(3, 2, 13, 12, 7, 6), (1, 2, 16, 18, 3, 3), (1, 2, 19, 23, 2, 2)], -12.0952)  belongs to   2 
([(1, 0, 6, 10, 1, 1), (3, 2, 13, 12, 7, 6), (1, 2, 16, 18, 3, 3), (1, 2, 19, 23, 2, 2)], -12.0843)  belongs to   1 
([(1, 0, 7, 7, 2, 2), (3, 2, 8, 8, 3, 3), (3, 2, 13, 12, 3, 3), (1, 2, 16, 18, 4, 4), (1, 2, 19, 23, 1, 1)], -12.0303)  belongs to   1 
([(1, 0, 7, 7, 2, 2), (3, 2, 9, 9, 3, 3), (3, 2, 13, 12, 2, 2), (1, 2, 16, 18, 4, 4), (1, 2, 19, 23, 2, 2)], -12.0278)  belongs to   1 
([(1, 0, 7, 7, 2, 2), (3, 0, 7, 10, 2, 2), (3, 2, 13, 12, 3, 3), (1, 2, 16, 18, 4, 4), (1, 2, 19, 23, 2, 2)], -11.9447)  belongs to   5 
([(3, 2, 8, 8, 2, 2), (3, 2, 13, 12, 3, 3), (1, 2, 16, 18, 4, 4), (1, 2, 19, 23, 2, 2)], -11.9378)  belongs to   2 
([(1, 0, 7, 7, 2, 2), (3, 2, 13, 12, 8, 7), (1, 2, 19, 23, 6, 8)], -11.9344)  belongs to   1 
([(1, 0, 6, 10, 1, 1), (3, 2, 8, 8, 2, 2), (3, 2, 13, 12, 3, 3), (1, 2, 16, 18, 4, 4), (1, 2, 19, 23, 2, 2)], -11.9281)  belongs to   1 
([(3, 2, 13, 12, 8, 7), (1, 2, 16, 18, 3, 3), (1, 2, 19, 23, 1, 1)], -11.8969)  belongs to   2 
([(1, 0, 6, 10, 1, 1), (3, 2, 13, 12, 8, 7), (1, 2, 16, 18, 3, 3), (1, 2, 19, 23, 1, 1)], -11.8867)  belongs to   1 
([(3, 2, 13, 12, 7, 6), (1, 2, 16, 18, 4, 4)], -11.8481)  belongs to   4 
([(1, 0, 6, 10, 1, 1), (3, 2, 13, 12, 7, 6), (1, 2, 16, 18, 4, 4)], -11.8457)  belongs to   3 
([(1, 2, 6, 7, 1, 1), (3, 0, 7, 10, 2, 2), (3, 2, 13, 12, 3, 3), (1, 2, 16, 18, 4, 4), (1, 2, 19, 23, 2, 2)], -11.8353)  belongs to   6 
([(1, 0, 7, 7, 2, 2), (3, 2, 9, 9, 4, 4), (3, 2, 13, 12, 2, 2), (1, 2, 16, 18, 4, 4), (1, 2, 19, 23, 1, 1)], -11.8299)  belongs to   1 
([(1, 0, 7, 7, 2, 2), (3, 2, 8, 8, 3, 3), (3, 2, 13, 12, 3, 3), (1, 2, 19, 23, 7, 9)], -11.7725)  belongs to   1 
([(3, 2, 8, 8, 3, 3), (3, 2, 13, 12, 3, 3), (1, 2, 16, 18, 4, 4), (1, 2, 19, 23, 1, 1)], -11.7395)  belongs to   2 
([(3, 2, 9, 9, 3, 3), (3, 2, 13, 12, 2, 2), (1, 2, 16, 18, 4, 4), (1, 2, 19, 23, 2, 2)], -11.7375)  belongs to   2 
([(1, 0, 6, 10, 1, 1), (3, 2, 8, 8, 3, 3), (3, 2, 13, 12, 3, 3), (1, 2, 16, 18, 4, 4), (1, 2, 19, 23, 1, 1)], -11.7303)  belongs to   1 
([(1, 0, 6, 10, 1, 1), (3, 2, 9, 9, 3, 3), (3, 2, 13, 12, 2, 2), (1, 2, 16, 18, 4, 4), (1, 2, 19, 23, 2, 2)], -11.7278)  belongs to   1 
([(3, 0, 7, 10, 2, 2), (3, 2, 13, 12, 3, 3), (1, 2, 16, 18, 4, 4), (1, 2, 19, 23, 2, 2)], -11.6544)  belongs to   7 
([(1, 0, 7, 7, 2, 2), (3, 2, 8, 8, 3, 3), (3, 2, 13, 12, 3, 3), (1, 2, 16, 18, 3, 3), (1, 2, 19, 23, 2, 2)], -11.6453)  belongs to   1 
([(3, 2, 13, 12, 8, 7), (1, 2, 19, 23, 6, 8)], -11.6362)  belongs to   2 
([(1, 0, 6, 10, 1, 1), (3, 2, 13, 12, 8, 7), (1, 2, 19, 23, 6, 8)], -11.6343)  belongs to   1 
([(1, 0, 7, 7, 2, 2), (3, 2, 8, 8, 2, 2), (3, 2, 13, 12, 3, 3), (1, 2, 16, 18, 4, 4), (1, 2, 19, 23, 1, 1)], -11.6302)  belongs to   1 
([(3, 2, 13, 12, 6, 5), (1, 2, 16, 18, 4, 4), (1, 2, 19, 23, 2, 2)], -11.5771)  belongs to   2 
([(1, 0, 7, 7, 2, 2), (3, 2, 9, 9, 4, 4), (3, 2, 13, 12, 2, 2), (1, 2, 19, 23, 7, 9)], -11.5714)  belongs to   1 
([(1, 0, 6, 10, 1, 1), (3, 2, 13, 12, 6, 5), (1, 2, 16, 18, 4, 4), (1, 2, 19, 23, 2, 2)], -11.5674)  belongs to   1 
([(1, 0, 7, 7, 2, 2), (3, 2, 13, 12, 8, 7), (1, 2, 16, 18, 3, 3)], -11.563)  belongs to   3 
([(3, 2, 9, 9, 4, 4), (3, 2, 13, 12, 2, 2), (1, 2, 16, 18, 4, 4), (1, 2, 19, 23, 1, 1)], -11.5391)  belongs to   2 
([(1, 0, 7, 7, 2, 2), (3, 2, 7, 7, 2, 2), (3, 2, 13, 12, 3, 3), (1, 2, 16, 18, 4, 4), (1, 2, 19, 23, 2, 2)], -11.5352)  belongs to   1 
([(1, 0, 7, 7, 2, 2), (3, 2, 13, 12, 7, 6), (1, 2, 19, 23, 6, 8)], -11.534)  belongs to   1 
([(1, 0, 6, 10, 1, 1), (3, 2, 9, 9, 4, 4), (3, 2, 13, 12, 2, 2), (1, 2, 16, 18, 4, 4), (1, 2, 19, 23, 1, 1)], -11.5299)  belongs to   1 
([(3, 2, 13, 12, 7, 6), (1, 2, 16, 18, 3, 3), (1, 2, 19, 23, 1, 1)], -11.4966)  belongs to   2 
([(1, 0, 6, 10, 1, 1), (3, 2, 13, 12, 7, 6), (1, 2, 16, 18, 3, 3), (1, 2, 19, 23, 1, 1)], -11.4863)  belongs to   1 
([(3, 2, 8, 8, 3, 3), (3, 2, 13, 12, 3, 3), (1, 2, 19, 23, 7, 9)], -11.4732)  belongs to   2 
([(1, 0, 6, 10, 1, 1), (3, 2, 8, 8, 3, 3), (3, 2, 13, 12, 3, 3), (1, 2, 19, 23, 7, 9)], -11.4724)  belongs to   1 
([(1, 0, 7, 7, 2, 2), (3, 2, 9, 9, 4, 4), (3, 2, 13, 12, 2, 2), (1, 2, 16, 18, 3, 3), (1, 2, 19, 23, 2, 2)], -11.4449)  belongs to   1 
([(1, 0, 7, 7, 2, 2), (3, 2, 9, 9, 3, 3), (3, 2, 13, 12, 2, 2), (1, 2, 16, 18, 4, 4), (1, 2, 19, 23, 1, 1)], -11.4298)  belongs to   1 
([(1, 0, 7, 7, 2, 2), (3, 2, 8, 8, 3, 3), (3, 2, 13, 12, 3, 3), (1, 2, 16, 18, 4, 4)], -11.4066)  belongs to   3 
([(1, 0, 7, 7, 2, 2), (3, 2, 8, 8, 2, 2), (3, 2, 13, 12, 3, 3), (1, 2, 19, 23, 7, 9)], -11.3723)  belongs to   1 
([(3, 2, 8, 8, 3, 3), (3, 2, 13, 12, 3, 3), (1, 2, 16, 18, 3, 3), (1, 2, 19, 23, 2, 2)], -11.3561)  belongs to   2 
([(1, 0, 7, 7, 2, 2), (3, 0, 7, 10, 2, 2), (3, 2, 13, 12, 3, 3), (1, 2, 16, 18, 4, 4), (1, 2, 19, 23, 1, 1)], -11.3467)  belongs to   5 
([(1, 0, 6, 10, 1, 1), (3, 2, 8, 8, 3, 3), (3, 2, 13, 12, 3, 3), (1, 2, 16, 18, 3, 3), (1, 2, 19, 23, 2, 2)], -11.3452)  belongs to   1 
([(1, 0, 6, 10, 1, 1), (3, 2, 8, 8, 2, 2), (3, 2, 13, 12, 3, 3), (1, 2, 16, 18, 4, 4), (1, 2, 19, 23, 1, 1)], -11.3301)  belongs to   1 
([(3, 2, 9, 9, 4, 4), (3, 2, 13, 12, 2, 2), (1, 2, 19, 23, 7, 9)], -11.2722)  belongs to   2 
([(1, 0, 6, 10, 1, 1), (3, 2, 9, 9, 4, 4), (3, 2, 13, 12, 2, 2), (1, 2, 19, 23, 7, 9)], -11.2714)  belongs to   1 
([(1, 0, 7, 7, 2, 2), (3, 2, 13, 12, 6, 5), (1, 2, 16, 18, 4, 4), (1, 2, 19, 23, 1, 1)], -11.2695)  belongs to   1 
([(3, 2, 13, 12, 8, 7), (1, 2, 16, 18, 3, 3)], -11.268)  belongs to   4 
([(1, 0, 6, 10, 1, 1), (3, 2, 13, 12, 8, 7), (1, 2, 16, 18, 3, 3)], -11.263)  belongs to   3 
([(1, 0, 7, 7, 2, 2), (3, 2, 8, 8, 2, 2), (3, 2, 13, 12, 3, 3), (1, 2, 16, 18, 3, 3), (1, 2, 19, 23, 2, 2)], -11.2451)  belongs to   1 
([(3, 2, 7, 7, 2, 2), (3, 2, 13, 12, 3, 3), (1, 2, 16, 18, 4, 4), (1, 2, 19, 23, 2, 2)], -11.2449)  belongs to   2 
([(1, 0, 7, 7, 2, 2), (3, 2, 13, 12, 3, 3), (1, 2, 16, 18, 4, 4), (1, 2, 19, 23, 2, 2)], -11.2444)  belongs to   8 
([(3, 2, 13, 12, 7, 6), (1, 2, 19, 23, 6, 8)], -11.2359)  belongs to   2 
([(1, 0, 6, 10, 1, 1), (3, 2, 7, 7, 2, 2), (3, 2, 13, 12, 3, 3), (1, 2, 16, 18, 4, 4), (1, 2, 19, 23, 2, 2)], -11.2352)  belongs to   1 
([(1, 0, 6, 10, 1, 1), (3, 2, 13, 12, 7, 6), (1, 2, 19, 23, 6, 8)], -11.234)  belongs to   1 
([(1, 0, 7, 7, 2, 2), (3, 2, 9, 9, 4, 4), (3, 2, 13, 12, 2, 2), (1, 2, 16, 18, 4, 4)], -11.2062)  belongs to   3 
([(1, 0, 7, 7, 2, 2), (3, 2, 9, 9, 3, 3), (3, 2, 13, 12, 2, 2), (1, 2, 19, 23, 7, 9)], -11.1713)  belongs to   1 
([(1, 0, 7, 7, 2, 2), (3, 2, 13, 12, 7, 6), (1, 2, 16, 18, 3, 3)], -11.1627)  belongs to   3 
([(3, 2, 9, 9, 4, 4), (3, 2, 13, 12, 2, 2), (1, 2, 16, 18, 3, 3), (1, 2, 19, 23, 2, 2)], -11.1557)  belongs to   2 
([(1, 0, 6, 10, 1, 1), (3, 2, 9, 9, 4, 4), (3, 2, 13, 12, 2, 2), (1, 2, 16, 18, 3, 3), (1, 2, 19, 23, 2, 2)], -11.1448)  belongs to   1 
([(3, 2, 9, 9, 3, 3), (3, 2, 13, 12, 2, 2), (1, 2, 16, 18, 4, 4), (1, 2, 19, 23, 1, 1)], -11.139)  belongs to   2 
([(1, 0, 6, 10, 1, 1), (3, 2, 9, 9, 3, 3), (3, 2, 13, 12, 2, 2), (1, 2, 16, 18, 4, 4), (1, 2, 19, 23, 1, 1)], -11.1298)  belongs to   1 
([(3, 2, 8, 8, 3, 3), (3, 2, 13, 12, 3, 3), (1, 2, 16, 18, 4, 4)], -11.1091)  belongs to   4 
([(1, 0, 6, 10, 1, 1), (3, 2, 8, 8, 3, 3), (3, 2, 13, 12, 3, 3), (1, 2, 16, 18, 4, 4)], -11.1066)  belongs to   3 
([(1, 0, 7, 7, 2, 2), (3, 0, 7, 10, 2, 2), (3, 2, 13, 12, 3, 3), (1, 2, 19, 23, 7, 9)], -11.0889)  belongs to   5 
([(3, 2, 8, 8, 2, 2), (3, 2, 13, 12, 3, 3), (1, 2, 19, 23, 7, 9)], -11.073)  belongs to   2 
([(1, 0, 6, 10, 1, 1), (3, 2, 8, 8, 2, 2), (3, 2, 13, 12, 3, 3), (1, 2, 19, 23, 7, 9)], -11.0723)  belongs to   1 
([(3, 0, 7, 10, 2, 2), (3, 2, 13, 12, 3, 3), (1, 2, 16, 18, 4, 4), (1, 2, 19, 23, 1, 1)], -11.0558)  belongs to   7 
([(1, 0, 7, 7, 2, 2), (3, 2, 8, 8, 3, 3), (3, 2, 13, 12, 3, 3), (1, 2, 16, 18, 3, 3), (1, 2, 19, 23, 1, 1)], -11.0473)  belongs to   1 
([(1, 0, 7, 7, 2, 2), (3, 2, 9, 9, 3, 3), (3, 2, 13, 12, 2, 2), (1, 2, 16, 18, 3, 3), (1, 2, 19, 23, 2, 2)], -11.0448)  belongs to   1 
([(1, 0, 7, 7, 2, 2), (3, 2, 8, 8, 3, 3), (3, 2, 13, 12, 2, 2), (1, 2, 16, 18, 4, 4), (1, 2, 19, 23, 2, 2)], -11.0289)  belongs to   1 
([(1, 0, 7, 7, 2, 2), (3, 2, 13, 12, 6, 5), (1, 2, 19, 23, 7, 9)], -11.017)  belongs to   1 
([(1, 0, 7, 7, 2, 2), (3, 2, 8, 8, 2, 2), (3, 2, 13, 12, 3, 3), (1, 2, 16, 18, 4, 4)], -11.0065)  belongs to   3 
([(1, 2, 6, 7, 1, 1), (3, 0, 7, 10, 2, 2), (3, 2, 13, 12, 3, 3), (1, 2, 19, 23, 7, 9)], -10.9795)  belongs to   6 
([(3, 2, 13, 12, 6, 5), (1, 2, 16, 18, 4, 4), (1, 2, 19, 23, 1, 1)], -10.9786)  belongs to   2 
([(1, 0, 7, 7, 2, 2), (3, 0, 7, 10, 2, 2), (3, 2, 13, 12, 3, 3), (1, 2, 16, 18, 3, 3), (1, 2, 19, 23, 2, 2)], -10.9617)  belongs to   5 
([(3, 2, 8, 8, 2, 2), (3, 2, 13, 12, 3, 3), (1, 2, 16, 18, 3, 3), (1, 2, 19, 23, 2, 2)], -10.9559)  belongs to   2 
([(3, 2, 13, 12, 3, 3), (1, 2, 16, 18, 4, 4), (1, 2, 19, 23, 2, 2)], -10.9541)  belongs to   9 
([(1, 0, 6, 10, 1, 1), (3, 2, 8, 8, 2, 2), (3, 2, 13, 12, 3, 3), (1, 2, 16, 18, 3, 3), (1, 2, 19, 23, 2, 2)], -10.9451)  belongs to   1 
([(1, 0, 6, 10, 1, 1), (3, 2, 13, 12, 3, 3), (1, 2, 16, 18, 4, 4), (1, 2, 19, 23, 2, 2)], -10.9444)  belongs to   8 
([(1, 0, 7, 7, 2, 2), (3, 2, 7, 7, 2, 2), (3, 2, 13, 12, 3, 3), (1, 2, 16, 18, 4, 4), (1, 2, 19, 23, 1, 1)], -10.9372)  belongs to   1 
([(3, 2, 9, 9, 4, 4), (3, 2, 13, 12, 2, 2), (1, 2, 16, 18, 4, 4)], -10.9087)  belongs to   4 
([(1, 0, 6, 10, 1, 1), (3, 2, 9, 9, 4, 4), (3, 2, 13, 12, 2, 2), (1, 2, 16, 18, 4, 4)], -10.9062)  belongs to   3 
([(1, 0, 7, 7, 2, 2), (3, 2, 13, 12, 6, 5), (1, 2, 16, 18, 3, 3), (1, 2, 19, 23, 2, 2)], -10.8844)  belongs to   1 
([(3, 2, 9, 9, 3, 3), (3, 2, 13, 12, 2, 2), (1, 2, 19, 23, 7, 9)], -10.8721)  belongs to   2 
([(1, 0, 6, 10, 1, 1), (3, 2, 9, 9, 3, 3), (3, 2, 13, 12, 2, 2), (1, 2, 19, 23, 7, 9)], -10.8713)  belongs to   1 
([(3, 2, 13, 12, 7, 6), (1, 2, 16, 18, 3, 3)], -10.8677)  belongs to   4 
([(1, 0, 6, 10, 1, 1), (3, 2, 13, 12, 7, 6), (1, 2, 16, 18, 3, 3)], -10.8626)  belongs to   3 
([(1, 0, 7, 7, 2, 2), (3, 2, 11, 12, 6, 7), (1, 2, 16, 18, 4, 4), (1, 2, 19, 23, 2, 2)], -10.8555)  belongs to   1 
([(1, 0, 7, 7, 2, 2), (3, 2, 9, 9, 4, 4), (3, 2, 13, 12, 2, 2), (1, 2, 16, 18, 3, 3), (1, 2, 19, 23, 1, 1)], -10.8469)  belongs to   1 
([(1, 0, 7, 7, 2, 2), (3, 2, 9, 9, 3, 3), (3, 2, 13, 12, 2, 2), (1, 2, 16, 18, 4, 4)], -10.8061)  belongs to   3 
([(3, 2, 8, 8, 3, 3), (3, 2, 13, 12, 3, 3), (1, 2, 16, 18, 3, 3), (1, 2, 19, 23, 1, 1)], -10.7575)  belongs to   2 
([(1, 0, 6, 10, 1, 1), (3, 2, 8, 8, 3, 3), (3, 2, 13, 12, 3, 3), (1, 2, 16, 18, 3, 3), (1, 2, 19, 23, 1, 1)], -10.7473)  belongs to   1 
([(1, 0, 6, 10, 1, 1), (3, 2, 9, 9, 3, 3), (3, 2, 13, 12, 2, 2), (1, 2, 16, 18, 3, 3), (1, 2, 19, 23, 2, 2)], -10.7447)  belongs to   1 
([(1, 0, 6, 10, 1, 1), (3, 2, 8, 8, 3, 3), (3, 2, 13, 12, 2, 2), (1, 2, 16, 18, 4, 4), (1, 2, 19, 23, 2, 2)], -10.7289)  belongs to   1 
([(3, 2, 13, 12, 6, 5), (1, 2, 19, 23, 7, 9)], -10.7178)  belongs to   2 
([(1, 0, 6, 10, 1, 1), (3, 2, 13, 12, 6, 5), (1, 2, 19, 23, 7, 9)], -10.717)  belongs to   1 
([(3, 2, 8, 8, 2, 2), (3, 2, 13, 12, 3, 3), (1, 2, 16, 18, 4, 4)], -10.7089)  belongs to   4 
([(1, 0, 6, 10, 1, 1), (3, 2, 8, 8, 2, 2), (3, 2, 13, 12, 3, 3), (1, 2, 16, 18, 4, 4)], -10.7064)  belongs to   3 
([(1, 0, 7, 7, 2, 2), (3, 2, 7, 7, 2, 2), (3, 2, 13, 12, 3, 3), (1, 2, 19, 23, 7, 9)], -10.6793)  belongs to   1 
([(1, 0, 7, 7, 2, 2), (3, 2, 8, 8, 2, 2), (3, 2, 13, 12, 3, 3), (1, 2, 16, 18, 3, 3), (1, 2, 19, 23, 1, 1)], -10.6471)  belongs to   1 
([(1, 0, 7, 7, 2, 2), (3, 2, 13, 12, 6, 5), (1, 2, 16, 18, 4, 4)], -10.6458)  belongs to   3 
([(1, 0, 6, 10, 1, 1), (3, 2, 7, 7, 2, 2), (3, 2, 13, 12, 3, 3), (1, 2, 16, 18, 4, 4), (1, 2, 19, 23, 1, 1)], -10.6372)  belongs to   1 
([(3, 2, 13, 12, 6, 5), (1, 2, 16, 18, 3, 3), (1, 2, 19, 23, 2, 2)], -10.5952)  belongs to   2 
([(1, 0, 7, 7, 2, 2), (3, 2, 9, 9, 4, 4), (3, 2, 13, 12, 2, 2), (1, 2, 19, 23, 6, 8)], -10.5884)  belongs to   1 
([(3, 2, 11, 12, 6, 7), (1, 2, 16, 18, 4, 4), (1, 2, 19, 23, 2, 2)], -10.5652)  belongs to   2 
([(3, 2, 9, 9, 4, 4), (3, 2, 13, 12, 2, 2), (1, 2, 16, 18, 3, 3), (1, 2, 19, 23, 1, 1)], -10.5571)  belongs to   2 
([(1, 0, 7, 7, 2, 2), (3, 2, 9, 9, 2, 2), (3, 2, 13, 12, 2, 2), (1, 2, 16, 18, 4, 4), (1, 2, 19, 23, 2, 2)], -10.5288)  belongs to   1 
([(3, 2, 8, 8, 3, 3), (3, 2, 13, 12, 3, 3), (1, 2, 19, 23, 6, 8)], -10.4913)  belongs to   2 
([(1, 0, 6, 10, 1, 1), (3, 2, 8, 8, 3, 3), (3, 2, 13, 12, 3, 3), (1, 2, 19, 23, 6, 8)], -10.4894)  belongs to   1 
([(1, 0, 7, 7, 2, 2), (3, 2, 9, 9, 3, 3), (3, 2, 13, 12, 2, 2), (1, 2, 16, 18, 3, 3), (1, 2, 19, 23, 1, 1)], -10.4468)  belongs to   1 
([(1, 0, 7, 7, 2, 2), (3, 2, 8, 8, 3, 3), (3, 2, 13, 12, 2, 2), (1, 2, 16, 18, 4, 4), (1, 2, 19, 23, 1, 1)], -10.431)  belongs to   1 
([(3, 0, 7, 10, 2, 2), (3, 2, 13, 12, 3, 3), (1, 2, 16, 18, 4, 4)], -10.4254)  belongs to   10 
([(1, 0, 7, 7, 2, 2), (3, 2, 8, 8, 3, 3), (3, 2, 13, 12, 3, 3), (1, 2, 16, 18, 3, 3)], -10.4236)  belongs to   3 
([(1, 0, 7, 7, 2, 2), (3, 2, 8, 8, 2, 2), (3, 2, 13, 12, 3, 3), (1, 2, 19, 23, 6, 8)], -10.3892)  belongs to   1 
([(1, 0, 7, 7, 2, 2), (3, 0, 7, 10, 2, 2), (3, 2, 13, 12, 3, 3), (1, 2, 16, 18, 3, 3), (1, 2, 19, 23, 1, 1)], -10.3637)  belongs to   5 
([(3, 2, 8, 8, 2, 2), (3, 2, 13, 12, 3, 3), (1, 2, 16, 18, 3, 3), (1, 2, 19, 23, 1, 1)], -10.3573)  belongs to   2 
([(3, 2, 13, 12, 6, 5), (1, 2, 16, 18, 4, 4)], -10.3482)  belongs to   4 
([(1, 0, 6, 10, 1, 1), (3, 2, 13, 12, 3, 3), (1, 2, 16, 18, 4, 4), (1, 2, 19, 23, 1, 1)], -10.3464)  belongs to   8 
([(1, 0, 6, 10, 1, 1), (3, 2, 13, 12, 6, 5), (1, 2, 16, 18, 4, 4)], -10.3457)  belongs to   3 
([(3, 2, 9, 9, 4, 4), (1, 2, 6, 12, 1, 1), (1, 2, 16, 18, 4, 4), (1, 2, 19, 23, 2, 2), (3, 0, 12, 7, 2, 2)], -10.3289)  belongs to   11 
([(1, 0, 6, 10, 1, 1), (3, 2, 8, 8, 2, 2), (3, 2, 13, 12, 2, 2), (1, 2, 16, 18, 4, 4), (1, 2, 19, 23, 2, 2)], -10.3289)  belongs to   1 
([(1, 0, 6, 10, 1, 1), (3, 2, 9, 9, 4, 4), (3, 2, 11, 12, 1, 1), (1, 2, 16, 18, 4, 4), (1, 2, 19, 23, 2, 2)], -10.3289)  belongs to   1 
([(1, 0, 7, 7, 2, 2), (3, 2, 13, 12, 6, 5), (1, 2, 16, 18, 3, 3), (1, 2, 19, 23, 1, 1)], -10.2864)  belongs to   1 
([(1, 2, 6, 7, 1, 1), (3, 2, 13, 12, 3, 3), (1, 2, 19, 23, 7, 9)], -10.2792)  belongs to   12 
([(3, 2, 9, 9, 2, 2), (3, 2, 13, 12, 2, 2), (1, 2, 16, 18, 4, 4), (1, 2, 19, 23, 2, 2)], -10.2385)  belongs to   2 
([(1, 0, 7, 7, 2, 2), (3, 2, 11, 10, 6, 5), (1, 2, 16, 18, 4, 4), (1, 2, 19, 23, 2, 2)], -10.2313)  belongs to   1 
([(1, 0, 7, 7, 2, 2), (3, 2, 12, 11, 7, 6), (1, 2, 16, 18, 4, 4), (1, 2, 19, 23, 1, 1)], -10.2145)  belongs to   1 
([(3, 2, 9, 9, 4, 4), (3, 0, 12, 7, 2, 2), (1, 0, 6, 10, 1, 1), (1, 2, 16, 18, 4, 4), (1, 2, 19, 23, 2, 2)], -10.1913)  belongs to   13 
([(1, 0, 7, 7, 2, 2), (3, 2, 8, 8, 3, 3), (3, 2, 13, 12, 2, 2), (1, 2, 19, 23, 7, 9)], -10.1725)  belongs to   1 
([(3, 2, 9, 9, 3, 3), (3, 2, 13, 12, 2, 2), (1, 2, 16, 18, 3, 3), (1, 2, 19, 23, 1, 1)], -10.157)  belongs to   2 
([(3, 2, 8, 8, 3, 3), (3, 2, 13, 12, 2, 2), (1, 2, 16, 18, 4, 4), (1, 2, 19, 23, 1, 1)], -10.1401)  belongs to   2 
([(1, 0, 6, 10, 1, 1), (3, 2, 8, 8, 3, 3), (3, 2, 13, 12, 3, 3), (1, 2, 16, 18, 3, 3)], -10.1236)  belongs to   3 
([(1, 0, 7, 7, 2, 2), (3, 2, 9, 9, 3, 3), (1, 2, 16, 18, 4, 4), (1, 2, 19, 23, 2, 2), (3, 0, 11, 10, 1, 1)], -10.0912)  belongs to   14 
([(1, 0, 6, 10, 1, 1), (3, 2, 13, 12, 3, 3), (1, 2, 19, 23, 7, 9)], -10.0885)  belongs to   8 
([(3, 0, 7, 10, 2, 2), (3, 2, 13, 12, 3, 3), (1, 2, 16, 18, 3, 3), (1, 2, 19, 23, 1, 1)], -10.0739)  belongs to   7 
([(1, 0, 7, 7, 2, 2), (3, 2, 13, 12, 8, 7), (1, 2, 17, 20, 5, 6), (1, 2, 19, 23, 1, 1)], -10.0699)  belongs to   15 
([(1, 0, 7, 7, 2, 2), (3, 2, 8, 8, 2, 2), (3, 2, 13, 12, 3, 3), (1, 2, 16, 18, 3, 3)], -10.0234)  belongs to   3 
([(3, 2, 7, 7, 2, 2), (3, 2, 13, 12, 3, 3), (1, 2, 16, 18, 4, 4)], -10.0159)  belongs to   4 
([(3, 2, 13, 12, 6, 5), (1, 2, 16, 18, 3, 3), (1, 2, 19, 23, 1, 1)], -9.99662)  belongs to   2 
([(1, 0, 6, 10, 1, 1), (3, 2, 11, 10, 6, 5), (1, 2, 16, 18, 4, 4), (1, 2, 19, 23, 2, 2)], -9.93129)  belongs to   1 
([(1, 0, 7, 7, 2, 2), (3, 2, 9, 9, 2, 2), (3, 2, 13, 12, 2, 2), (1, 2, 16, 18, 4, 4), (1, 2, 19, 23, 1, 1)], -9.93077)  belongs to   1 
([(3, 2, 9, 9, 3, 3), (3, 2, 13, 12, 2, 2), (1, 2, 19, 23, 6, 8)], -9.89015)  belongs to   2 
([(1, 0, 6, 10, 1, 1), (3, 2, 8, 8, 3, 3), (3, 2, 13, 12, 2, 2), (1, 2, 19, 23, 7, 9)], -9.87242)  belongs to   1 
([(3, 2, 13, 12, 8, 7), (1, 2, 18, 22, 6, 8)], -9.81904)  belongs to   2 
([(3, 0, 7, 10, 2, 2), (3, 2, 13, 12, 3, 3), (1, 2, 19, 23, 6, 8)], -9.80767)  belongs to   7 
([(1, 0, 7, 7, 2, 2), (3, 2, 9, 9, 4, 4), (3, 2, 11, 12, 1, 1), (1, 2, 19, 23, 7, 9)], -9.77114)  belongs to   1 
([(3, 2, 8, 8, 3, 3), (3, 2, 13, 12, 2, 2), (1, 2, 16, 18, 3, 3), (1, 2, 19, 23, 2, 2)], -9.75669)  belongs to   2 
([(3, 2, 9, 9, 4, 4), (1, 2, 6, 12, 1, 1), (1, 2, 16, 18, 4, 4), (1, 2, 19, 23, 1, 1), (3, 0, 12, 7, 2, 2)], -9.73092)  belongs to   11 
([(1, 0, 6, 10, 1, 1), (3, 2, 8, 8, 2, 2), (3, 2, 13, 12, 3, 3), (1, 2, 16, 18, 3, 3)], -9.72337)  belongs to   3 
([(3, 2, 8, 8, 3, 3), (1, 2, 7, 11, 2, 2), (1, 2, 16, 18, 4, 4), (1, 2, 19, 23, 2, 2), (3, 0, 12, 7, 2, 2)], -9.68553)  belongs to   11 
([(3, 2, 8, 8, 3, 3), (1, 2, 7, 11, 2, 2), (1, 2, 16, 18, 4, 4), (1, 2, 19, 23, 2, 2), (3, 0, 11, 10, 1, 1)], -9.6855)  belongs to   11 
([(3, 2, 13, 12, 8, 7), (1, 2, 16, 18, 4, 5), (1, 2, 19, 23, 2, 2)], -9.67795)  belongs to   2 
([(1, 0, 7, 7, 2, 2), (3, 2, 13, 12, 6, 5), (1, 2, 16, 18, 3, 3)], -9.66271)  belongs to   3 
([(1, 0, 6, 10, 1, 1), (3, 2, 7, 7, 2, 2), (3, 2, 13, 12, 3, 3), (1, 2, 16, 18, 3, 3), (1, 2, 19, 23, 1, 1)], -9.65413)  belongs to   1 
([(1, 0, 6, 10, 1, 1), (3, 2, 7, 7, 2, 2), (3, 2, 13, 12, 2, 2), (1, 2, 16, 18, 4, 4), (1, 2, 19, 23, 2, 2)], -9.63577)  belongs to   1 
([(3, 2, 9, 9, 4, 4), (1, 2, 16, 18, 4, 4), (1, 2, 19, 23, 1, 1), (3, 0, 11, 10, 1, 1)], -9.60094)  belongs to   16 
([(1, 0, 6, 10, 1, 1), (3, 2, 9, 9, 3, 3), (1, 2, 16, 18, 4, 4), (1, 2, 19, 23, 2, 2)], -9.49131)  belongs to   8 
([(1, 0, 7, 7, 2, 2), (3, 0, 7, 10, 2, 2), (3, 2, 13, 12, 2, 2), (1, 2, 19, 23, 7, 9)], -9.48884)  belongs to   5 
([(3, 2, 8, 8, 2, 2), (3, 2, 13, 12, 2, 2), (1, 2, 19, 23, 7, 9)], -9.47318)  belongs to   2 
([(1, 0, 6, 10, 1, 1), (3, 2, 8, 8, 2, 2), (3, 2, 13, 12, 2, 2), (1, 2, 19, 23, 7, 9)], -9.47239)  belongs to   1 
([(3, 2, 11, 10, 6, 5), (1, 2, 6, 12, 1, 1), (1, 2, 16, 18, 4, 4), (1, 2, 19, 23, 1, 1)], -9.47171)  belongs to   17 
([(3, 2, 9, 9, 4, 4), (1, 2, 6, 12, 1, 1), (1, 2, 19, 23, 7, 9), (3, 0, 11, 10, 1, 1)], -9.47111)  belongs to   11 
([(1, 2, 6, 7, 1, 1), (3, 0, 7, 10, 2, 2), (3, 2, 13, 12, 2, 2), (1, 2, 19, 23, 7, 9)], -9.37945)  belongs to   6 
([(3, 2, 11, 12, 5, 6), (1, 2, 19, 23, 7, 9)], -9.30577)  belongs to   2 
([(1, 0, 6, 10, 1, 1), (3, 2, 11, 12, 5, 6), (1, 2, 19, 23, 7, 9)], -9.30498)  belongs to   1 
([(3, 2, 8, 8, 2, 2), (1, 2, 7, 11, 2, 2), (1, 2, 16, 18, 4, 4), (1, 2, 19, 23, 2, 2), (3, 0, 12, 7, 2, 2)], -9.28522)  belongs to   11 
([(1, 0, 7, 7, 2, 2), (3, 2, 11, 12, 5, 6), (1, 2, 16, 18, 4, 4)], -9.23366)  belongs to   3 
([(1, 0, 7, 7, 2, 2), (3, 2, 14, 12, 9, 7), (1, 2, 16, 18, 4, 4), (1, 2, 19, 23, 2, 2)], -9.20041)  belongs to   18 
([(1, 0, 6, 10, 1, 1), (3, 2, 13, 12, 8, 7), (1, 2, 15, 17, 3, 3), (1, 2, 19, 23, 2, 2)], -9.16784)  belongs to   1 
([(3, 2, 13, 12, 3, 3), (1, 2, 19, 23, 6, 8)], -9.10736)  belongs to   9 
([(3, 2, 8, 8, 3, 3), (1, 2, 7, 11, 2, 2), (1, 2, 16, 18, 4, 4), (1, 2, 19, 23, 1, 1), (3, 0, 11, 10, 1, 1)], -9.08607)  belongs to   11 
([(3, 2, 9, 9, 3, 3), (3, 2, 11, 12, 1, 1), (1, 2, 19, 23, 7, 9)], -9.07183)  belongs to   2 
([(1, 0, 7, 7, 2, 2), (3, 2, 11, 10, 6, 5), (1, 2, 16, 18, 4, 4)], -8.96248)  belongs to   3 
([(1, 0, 7, 7, 2, 2), (3, 2, 9, 9, 2, 2), (3, 2, 13, 12, 2, 2), (1, 2, 16, 18, 3, 3), (1, 2, 19, 23, 1, 1)], -8.94772)  belongs to   1 
([(3, 2, 9, 9, 4, 4), (3, 0, 12, 7, 2, 2), (1, 0, 6, 10, 1, 1), (1, 2, 16, 18, 4, 4)], -8.91761)  belongs to   19 
([(1, 0, 6, 10, 1, 1), (3, 2, 8, 8, 3, 3), (3, 2, 13, 12, 2, 2), (1, 2, 19, 23, 6, 8)], -8.88937)  belongs to   1 
([(3, 2, 11, 10, 6, 5), (1, 2, 6, 12, 1, 1), (1, 2, 16, 18, 4, 4)], -8.84725)  belongs to   2 
([(1, 0, 7, 7, 2, 2), (3, 2, 8, 8, 3, 3), (3, 2, 13, 12, 3, 3), (1, 2, 16, 18, 4, 5), (1, 2, 19, 23, 2, 2)], -8.82883)  belongs to   1 
([(1, 0, 7, 7, 2, 2), (3, 2, 7, 7, 2, 2), (3, 2, 13, 12, 2, 2), (1, 2, 16, 18, 4, 4)], -8.71412)  belongs to   3 
([(3, 2, 11, 10, 5, 4), (1, 2, 6, 12, 1, 1), (1, 2, 16, 18, 3, 3), (1, 2, 19, 23, 2, 2)], -8.68834)  belongs to   17 
([(1, 0, 6, 10, 1, 1), (3, 2, 13, 12, 7, 6), (1, 2, 16, 18, 4, 5), (1, 2, 19, 23, 1, 1)], -8.66989)  belongs to   1 
([(1, 0, 6, 10, 1, 1), (3, 2, 9, 9, 2, 2), (3, 2, 13, 12, 2, 2), (1, 2, 16, 18, 3, 3), (1, 2, 19, 23, 1, 1)], -8.64768)  belongs to   1 
([(1, 0, 7, 7, 2, 2), (3, 2, 8, 8, 3, 3), (3, 2, 11, 12, 1, 1), (1, 2, 16, 18, 4, 4), (1, 2, 19, 23, 1, 1)], -8.63194)  belongs to   1 
([(1, 0, 6, 10, 1, 1), (3, 2, 8, 8, 3, 3), (3, 2, 13, 12, 3, 3), (1, 2, 16, 18, 4, 5), (1, 2, 19, 23, 2, 2)], -8.52879)  belongs to   1 
([(1, 0, 7, 7, 2, 2), (3, 2, 13, 12, 7, 6), (1, 2, 16, 18, 4, 5)], -8.34623)  belongs to   3 
([(1, 0, 6, 10, 1, 1), (3, 2, 8, 8, 3, 3), (3, 2, 11, 12, 1, 1), (1, 2, 16, 18, 4, 4), (1, 2, 19, 23, 1, 1)], -8.3319)  belongs to   1 
([(3, 2, 7, 7, 2, 2), (1, 2, 7, 11, 2, 2), (1, 2, 16, 18, 4, 4), (1, 2, 19, 23, 2, 2)], -8.28549)  belongs to   20 
([(3, 2, 7, 10, 2, 2), (1, 2, 16, 18, 4, 4), (1, 2, 19, 23, 2, 2)], -8.0154)  belongs to   9 
([(1, 0, 7, 7, 2, 2), (3, 2, 8, 8, 3, 3), (3, 2, 13, 12, 3, 3), (1, 2, 19, 23, 7, 10)], -7.97316)  belongs to   1 
([(3, 2, 8, 8, 3, 3), (1, 2, 6, 10, 1, 1), (1, 2, 19, 23, 7, 9), (3, 0, 11, 10, 1, 1)], -7.88909)  belongs to   11 
([(1, 0, 6, 10, 1, 1), (3, 2, 7, 10, 2, 2), (1, 2, 16, 18, 4, 4), (1, 2, 19, 23, 1, 1)], -7.40624)  belongs to   8 
([(3, 2, 13, 12, 7, 6), (1, 2, 15, 17, 2, 2), (1, 2, 19, 23, 1, 1)], -7.26206)  belongs to   2 
([(1, 0, 7, 7, 2, 2), (3, 2, 12, 11, 5, 4), (1, 2, 19, 23, 6, 8)], -7.03346)  belongs to   1 
([(1, 0, 6, 10, 1, 1), (3, 2, 13, 12, 7, 6), (1, 2, 11, 16, 1, 1), (1, 2, 19, 23, 4, 6)], -6.96814)  belongs to   15 
([(1, 0, 7, 7, 2, 2), (3, 2, 9, 9, 2, 2), (3, 2, 11, 12, 1, 1), (1, 2, 19, 23, 6, 8)], -6.88895)  belongs to   1 
([(1, 0, 7, 7, 2, 2), (3, 2, 8, 8, 2, 2), (3, 2, 13, 12, 3, 3), (1, 2, 14, 16, 2, 2)], -6.30589)  belongs to   3 
([(1, 0, 6, 10, 1, 1), (3, 2, 8, 8, 2, 2), (3, 2, 13, 12, 3, 3), (1, 2, 9, 16, 1, 1), (1, 2, 16, 18, 1, 1), (1, 2, 19, 23, 1, 1)], -6.22547)  belongs to   15 
([(3, 2, 8, 8, 2, 2), (3, 0, 12, 7, 2, 2), (1, 0, 6, 10, 1, 1), (1, 2, 19, 23, 10, 12)], -5.39687)  belongs to   21 
