1	[(1, 0, 7, 7, 2, 2), (1, 2, 16, 18, 4, 4), (1, 2, 19, 23, 2, 2), (3, 2, 13, 12, 8, 7)]	-13.7677	72
2	[(1, 2, 16, 18, 4, 4), (1, 2, 19, 23, 2, 2), (3, 2, 13, 12, 8, 7)]	-13.4774	50
3	[(1, 0, 6, 10, 1, 1), (1, 2, 16, 18, 4, 4), (1, 2, 19, 23, 2, 2), (3, 2, 13, 12, 8, 7)]	-13.4677	48
4	[(1, 0, 7, 7, 2, 2), (1, 2, 16, 18, 4, 4), (1, 2, 19, 23, 2, 2), (3, 2, 13, 12, 7, 6)]	-13.3674	47
5	[(1, 0, 7, 7, 2, 2), (1, 2, 16, 18, 4, 4), (1, 2, 19, 23, 1, 1), (3, 2, 13, 12, 8, 7)]	-13.1698	28
6	[(1, 2, 16, 18, 4, 4), (1, 2, 19, 23, 2, 2), (3, 2, 13, 12, 7, 6)]	-13.0771	21
7	[(1, 0, 6, 10, 1, 1), (1, 2, 16, 18, 4, 4), (1, 2, 19, 23, 2, 2), (3, 2, 13, 12, 7, 6)]	-13.0674	22
8	[(1, 0, 7, 7, 2, 2), (1, 2, 19, 23, 7, 9), (3, 2, 13, 12, 8, 7)]	-12.9174	29
9	[(1, 2, 16, 18, 4, 4), (1, 2, 19, 23, 1, 1), (3, 2, 13, 12, 8, 7)]	-12.8789	16
10	[(1, 0, 6, 10, 1, 1), (1, 2, 16, 18, 4, 4), (1, 2, 19, 23, 1, 1), (3, 2, 13, 12, 8, 7)]	-12.8697	23
11	[(1, 0, 7, 7, 2, 2), (1, 2, 16, 18, 3, 3), (1, 2, 19, 23, 2, 2), (3, 2, 13, 12, 8, 7)]	-12.7847	17
12	[(1, 0, 7, 7, 2, 2), (1, 2, 16, 18, 4, 4), (1, 2, 19, 23, 1, 1), (3, 2, 13, 12, 7, 6)]	-12.7694	14
13	[(1, 0, 7, 7, 2, 2), (1, 2, 16, 18, 4, 4), (1, 2, 19, 23, 2, 2), (3, 2, 8, 8, 3, 3), (3, 2, 13, 12, 3, 3)]	-12.6283	23
14	[(1, 2, 19, 23, 7, 9), (3, 2, 13, 12, 8, 7)]	-12.6182	19
15	[(1, 0, 6, 10, 1, 1), (1, 2, 19, 23, 7, 9), (3, 2, 13, 12, 8, 7)]	-12.6174	19
16	[(1, 0, 7, 7, 2, 2), (1, 2, 16, 18, 4, 4), (3, 2, 13, 12, 8, 7)]	-12.5461	11
17	[(1, 0, 7, 7, 2, 2), (1, 2, 19, 23, 7, 9), (3, 2, 13, 12, 7, 6)]	-12.5171	23
18	[(1, 2, 16, 18, 3, 3), (1, 2, 19, 23, 2, 2), (3, 2, 13, 12, 8, 7)]	-12.4955	11
19	[(1, 0, 6, 10, 1, 1), (1, 2, 16, 18, 3, 3), (1, 2, 19, 23, 2, 2), (3, 2, 13, 12, 8, 7)]	-12.4847	11
20	[(1, 2, 16, 18, 4, 4), (1, 2, 19, 23, 1, 1), (3, 2, 13, 12, 7, 6)]	-12.4785	9
21	[(1, 0, 6, 10, 1, 1), (1, 2, 16, 18, 4, 4), (1, 2, 19, 23, 1, 1), (3, 2, 13, 12, 7, 6)]	-12.4694	15
22	[(1, 0, 7, 7, 2, 2), (1, 2, 16, 18, 4, 4), (1, 2, 19, 23, 2, 2), (3, 2, 9, 9, 4, 4), (3, 2, 13, 12, 2, 2)]	-12.4279	9
23	[(1, 0, 7, 7, 2, 2), (1, 2, 16, 18, 3, 3), (1, 2, 19, 23, 2, 2), (3, 2, 13, 12, 7, 6)]	-12.3844	8
24	[(1, 2, 16, 18, 4, 4), (1, 2, 19, 23, 2, 2), (3, 2, 8, 8, 3, 3), (3, 2, 13, 12, 3, 3)]	-12.338	14
25	[(1, 0, 6, 10, 1, 1), (1, 2, 16, 18, 4, 4), (1, 2, 19, 23, 2, 2), (3, 2, 8, 8, 3, 3), (3, 2, 13, 12, 3, 3)]	-12.3283	17
26	[(1, 2, 16, 18, 4, 4), (3, 2, 13, 12, 8, 7)]	-12.2485	8
27	[(1, 0, 6, 10, 1, 1), (1, 2, 16, 18, 4, 4), (3, 2, 13, 12, 8, 7)]	-12.246	11
28	[(1, 0, 7, 7, 2, 2), (1, 2, 16, 18, 4, 4), (1, 2, 19, 23, 2, 2), (3, 2, 8, 8, 2, 2), (3, 2, 13, 12, 3, 3)]	-12.2281	9
29	[(1, 2, 19, 23, 7, 9), (3, 2, 13, 12, 7, 6)]	-12.2178	18
30	[(1, 0, 6, 10, 1, 1), (1, 2, 19, 23, 7, 9), (3, 2, 13, 12, 7, 6)]	-12.217	7
31	[(1, 0, 7, 7, 2, 2), (1, 2, 16, 18, 3, 3), (1, 2, 19, 23, 1, 1), (3, 2, 13, 12, 8, 7)]	-12.1867	7
32	[(1, 0, 7, 7, 2, 2), (1, 2, 16, 18, 4, 4), (3, 2, 13, 12, 7, 6)]	-12.1457	4
33	[(1, 2, 16, 18, 4, 4), (1, 2, 19, 23, 2, 2), (3, 2, 9, 9, 4, 4), (3, 2, 13, 12, 2, 2)]	-12.1376	8
34	[(1, 0, 6, 10, 1, 1), (1, 2, 16, 18, 4, 4), (1, 2, 19, 23, 2, 2), (3, 2, 9, 9, 4, 4), (3, 2, 13, 12, 2, 2)]	-12.1279	9
35	[(1, 2, 16, 18, 3, 3), (1, 2, 19, 23, 2, 2), (3, 2, 13, 12, 7, 6)]	-12.0952	6
36	[(1, 0, 6, 10, 1, 1), (1, 2, 16, 18, 3, 3), (1, 2, 19, 23, 2, 2), (3, 2, 13, 12, 7, 6)]	-12.0843	3
37	[(1, 0, 7, 7, 2, 2), (1, 2, 16, 18, 4, 4), (1, 2, 19, 23, 1, 1), (3, 2, 8, 8, 3, 3), (3, 2, 13, 12, 3, 3)]	-12.0303	2
38	[(1, 0, 7, 7, 2, 2), (1, 2, 16, 18, 4, 4), (1, 2, 19, 23, 2, 2), (3, 2, 9, 9, 3, 3), (3, 2, 13, 12, 2, 2)]	-12.0278	10
39	[(1, 2, 16, 18, 4, 4), (1, 2, 19, 23, 2, 2), (3, 2, 8, 8, 2, 2), (3, 2, 13, 12, 3, 3)]	-11.9378	5
40	[(1, 0, 7, 7, 2, 2), (1, 2, 19, 23, 6, 8), (3, 2, 13, 12, 8, 7)]	-11.9344	9
41	[(1, 0, 6, 10, 1, 1), (1, 2, 16, 18, 4, 4), (1, 2, 19, 23, 2, 2), (3, 2, 8, 8, 2, 2), (3, 2, 13, 12, 3, 3)]	-11.9281	5
42	[(1, 2, 16, 18, 3, 3), (1, 2, 19, 23, 1, 1), (3, 2, 13, 12, 8, 7)]	-11.8969	2
43	[(1, 0, 6, 10, 1, 1), (1, 2, 16, 18, 3, 3), (1, 2, 19, 23, 1, 1), (3, 2, 13, 12, 8, 7)]	-11.8867	2
44	[(1, 0, 7, 7, 2, 2), (1, 2, 16, 18, 4, 4), (1, 2, 19, 23, 2, 2), (3, 2, 13, 12, 6, 5)]	-11.8674	2
45	[(1, 2, 16, 18, 4, 4), (3, 2, 13, 12, 7, 6)]	-11.8481	3
46	[(1, 0, 7, 7, 2, 2), (1, 2, 16, 18, 4, 4), (1, 2, 19, 23, 1, 1), (3, 2, 9, 9, 4, 4), (3, 2, 13, 12, 2, 2)]	-11.8299	9
47	[(1, 0, 7, 7, 2, 2), (1, 2, 16, 18, 3, 3), (1, 2, 19, 23, 1, 1), (3, 2, 13, 12, 7, 6)]	-11.7864	5
48	[(1, 0, 7, 7, 2, 2), (1, 2, 19, 23, 7, 9), (3, 2, 8, 8, 3, 3), (3, 2, 13, 12, 3, 3)]	-11.7725	5
49	[(1, 2, 16, 18, 4, 4), (1, 2, 19, 23, 1, 1), (3, 2, 8, 8, 3, 3), (3, 2, 13, 12, 3, 3)]	-11.7395	7
50	[(1, 2, 16, 18, 4, 4), (1, 2, 19, 23, 2, 2), (3, 2, 9, 9, 3, 3), (3, 2, 13, 12, 2, 2)]	-11.7375	2
51	[(1, 0, 6, 10, 1, 1), (1, 2, 16, 18, 4, 4), (1, 2, 19, 23, 1, 1), (3, 2, 8, 8, 3, 3), (3, 2, 13, 12, 3, 3)]	-11.7303	3
52	[(1, 0, 6, 10, 1, 1), (1, 2, 16, 18, 4, 4), (1, 2, 19, 23, 2, 2), (3, 2, 9, 9, 3, 3), (3, 2, 13, 12, 2, 2)]	-11.7278	4
53	[(1, 0, 7, 7, 2, 2), (1, 2, 16, 18, 3, 3), (1, 2, 19, 23, 2, 2), (3, 2, 8, 8, 3, 3), (3, 2, 13, 12, 3, 3)]	-11.6453	4
54	[(1, 2, 19, 23, 6, 8), (3, 2, 13, 12, 8, 7)]	-11.6362	3
55	[(1, 0, 6, 10, 1, 1), (1, 2, 19, 23, 6, 8), (3, 2, 13, 12, 8, 7)]	-11.6343	1
56	[(1, 0, 7, 7, 2, 2), (1, 2, 16, 18, 4, 4), (1, 2, 19, 23, 1, 1), (3, 2, 8, 8, 2, 2), (3, 2, 13, 12, 3, 3)]	-11.6302	4
57	[(1, 2, 16, 18, 4, 4), (1, 2, 19, 23, 2, 2), (3, 2, 13, 12, 6, 5)]	-11.5771	5
58	[(1, 0, 7, 7, 2, 2), (1, 2, 19, 23, 7, 9), (3, 2, 9, 9, 4, 4), (3, 2, 13, 12, 2, 2)]	-11.5714	5
59	[(1, 0, 6, 10, 1, 1), (1, 2, 16, 18, 4, 4), (1, 2, 19, 23, 2, 2), (3, 2, 13, 12, 6, 5)]	-11.5674	1
60	[(1, 0, 7, 7, 2, 2), (1, 2, 16, 18, 3, 3), (3, 2, 13, 12, 8, 7)]	-11.563	2
61	[(1, 2, 16, 18, 4, 4), (1, 2, 19, 23, 1, 1), (3, 2, 9, 9, 4, 4), (3, 2, 13, 12, 2, 2)]	-11.5391	4
62	[(1, 0, 7, 7, 2, 2), (1, 2, 16, 18, 4, 4), (1, 2, 19, 23, 2, 2), (3, 2, 7, 7, 2, 2), (3, 2, 13, 12, 3, 3)]	-11.5352	1
63	[(1, 0, 7, 7, 2, 2), (1, 2, 19, 23, 6, 8), (3, 2, 13, 12, 7, 6)]	-11.534	4
64	[(1, 0, 6, 10, 1, 1), (1, 2, 16, 18, 4, 4), (1, 2, 19, 23, 1, 1), (3, 2, 9, 9, 4, 4), (3, 2, 13, 12, 2, 2)]	-11.5299	4
65	[(1, 2, 16, 18, 3, 3), (1, 2, 19, 23, 1, 1), (3, 2, 13, 12, 7, 6)]	-11.4966	4
66	[(1, 2, 19, 23, 7, 9), (3, 2, 8, 8, 3, 3), (3, 2, 13, 12, 3, 3)]	-11.4732	2
67	[(1, 0, 6, 10, 1, 1), (1, 2, 19, 23, 7, 9), (3, 2, 8, 8, 3, 3), (3, 2, 13, 12, 3, 3)]	-11.4724	8
68	[(1, 0, 7, 7, 2, 2), (1, 2, 16, 18, 3, 3), (1, 2, 19, 23, 2, 2), (3, 2, 9, 9, 4, 4), (3, 2, 13, 12, 2, 2)]	-11.4449	5
69	[(1, 0, 7, 7, 2, 2), (1, 2, 16, 18, 4, 4), (1, 2, 19, 23, 1, 1), (3, 2, 9, 9, 3, 3), (3, 2, 13, 12, 2, 2)]	-11.4298	3
70	[(1, 0, 7, 7, 2, 2), (1, 2, 16, 18, 4, 4), (3, 2, 8, 8, 3, 3), (3, 2, 13, 12, 3, 3)]	-11.4066	2
71	[(1, 0, 7, 7, 2, 2), (1, 2, 19, 23, 7, 9), (3, 2, 8, 8, 2, 2), (3, 2, 13, 12, 3, 3)]	-11.3723	4
72	[(1, 2, 16, 18, 3, 3), (1, 2, 19, 23, 2, 2), (3, 2, 8, 8, 3, 3), (3, 2, 13, 12, 3, 3)]	-11.3561	4
73	[(1, 0, 6, 10, 1, 1), (1, 2, 16, 18, 3, 3), (1, 2, 19, 23, 2, 2), (3, 2, 8, 8, 3, 3), (3, 2, 13, 12, 3, 3)]	-11.3452	1
74	[(1, 2, 16, 18, 4, 4), (1, 2, 19, 23, 1, 1), (3, 2, 8, 8, 2, 2), (3, 2, 13, 12, 3, 3)]	-11.3393	5
75	[(1, 0, 6, 10, 1, 1), (1, 2, 16, 18, 4, 4), (1, 2, 19, 23, 1, 1), (3, 2, 8, 8, 2, 2), (3, 2, 13, 12, 3, 3)]	-11.3301	1
76	[(1, 2, 19, 23, 7, 9), (3, 2, 9, 9, 4, 4), (3, 2, 13, 12, 2, 2)]	-11.2722	5
77	[(1, 0, 6, 10, 1, 1), (1, 2, 19, 23, 7, 9), (3, 2, 9, 9, 4, 4), (3, 2, 13, 12, 2, 2)]	-11.2714	4
78	[(1, 0, 7, 7, 2, 2), (1, 2, 16, 18, 4, 4), (1, 2, 19, 23, 1, 1), (3, 2, 13, 12, 6, 5)]	-11.2695	1
79	[(1, 2, 16, 18, 3, 3), (3, 2, 13, 12, 8, 7)]	-11.268	1
80	[(1, 0, 6, 10, 1, 1), (1, 2, 16, 18, 3, 3), (3, 2, 13, 12, 8, 7)]	-11.263	3
81	[(1, 0, 7, 7, 2, 2), (1, 2, 16, 18, 3, 3), (1, 2, 19, 23, 2, 2), (3, 2, 8, 8, 2, 2), (3, 2, 13, 12, 3, 3)]	-11.2451	2
82	[(1, 2, 16, 18, 4, 4), (1, 2, 19, 23, 2, 2), (3, 2, 7, 7, 2, 2), (3, 2, 13, 12, 3, 3)]	-11.2449	1
83	[(1, 0, 7, 7, 2, 2), (1, 2, 16, 18, 4, 4), (1, 2, 19, 23, 2, 2), (3, 2, 13, 12, 3, 3)]	-11.2444	1
84	[(1, 2, 19, 23, 6, 8), (3, 2, 13, 12, 7, 6)]	-11.2359	2
85	[(1, 0, 6, 10, 1, 1), (1, 2, 16, 18, 4, 4), (1, 2, 19, 23, 2, 2), (3, 2, 7, 7, 2, 2), (3, 2, 13, 12, 3, 3)]	-11.2352	3
86	[(1, 0, 6, 10, 1, 1), (1, 2, 19, 23, 6, 8), (3, 2, 13, 12, 7, 6)]	-11.234	3
87	[(1, 0, 7, 7, 2, 2), (1, 2, 16, 18, 4, 4), (3, 2, 9, 9, 4, 4), (3, 2, 13, 12, 2, 2)]	-11.2062	1
88	[(1, 0, 7, 7, 2, 2), (1, 2, 19, 23, 7, 9), (3, 2, 9, 9, 3, 3), (3, 2, 13, 12, 2, 2)]	-11.1713	1
89	[(1, 2, 16, 18, 3, 3), (1, 2, 19, 23, 2, 2), (3, 2, 9, 9, 4, 4), (3, 2, 13, 12, 2, 2)]	-11.1557	2
90	[(1, 2, 16, 18, 4, 4), (1, 2, 19, 23, 1, 1), (3, 2, 9, 9, 3, 3), (3, 2, 13, 12, 2, 2)]	-11.139	1
91	[(1, 0, 6, 10, 1, 1), (1, 2, 16, 18, 4, 4), (1, 2, 19, 23, 1, 1), (3, 2, 9, 9, 3, 3), (3, 2, 13, 12, 2, 2)]	-11.1298	4
92	[(1, 2, 16, 18, 4, 4), (3, 2, 8, 8, 3, 3), (3, 2, 13, 12, 3, 3)]	-11.1091	2
93	[(1, 0, 6, 10, 1, 1), (1, 2, 16, 18, 4, 4), (3, 2, 8, 8, 3, 3), (3, 2, 13, 12, 3, 3)]	-11.1066	1
94	[(1, 2, 19, 23, 7, 9), (3, 2, 8, 8, 2, 2), (3, 2, 13, 12, 3, 3)]	-11.073	3
95	[(1, 0, 6, 10, 1, 1), (1, 2, 19, 23, 7, 9), (3, 2, 8, 8, 2, 2), (3, 2, 13, 12, 3, 3)]	-11.0723	2
96	[(1, 0, 7, 7, 2, 2), (1, 2, 16, 18, 3, 3), (1, 2, 19, 23, 1, 1), (3, 2, 8, 8, 3, 3), (3, 2, 13, 12, 3, 3)]	-11.0473	2
97	[(1, 0, 7, 7, 2, 2), (1, 2, 16, 18, 3, 3), (1, 2, 19, 23, 2, 2), (3, 2, 9, 9, 3, 3), (3, 2, 13, 12, 2, 2)]	-11.0448	2
98	[(1, 0, 7, 7, 2, 2), (1, 2, 16, 18, 4, 4), (1, 2, 19, 23, 2, 2), (3, 2, 8, 8, 3, 3), (3, 2, 13, 12, 2, 2)]	-11.0289	2
99	[(1, 0, 7, 7, 2, 2), (1, 2, 19, 23, 7, 9), (3, 2, 13, 12, 6, 5)]	-11.017	1
100	[(1, 0, 7, 7, 2, 2), (1, 2, 16, 18, 4, 4), (3, 2, 8, 8, 2, 2), (3, 2, 13, 12, 3, 3)]	-11.0065	5
101	[(1, 0, 6, 10, 1, 1), (1, 2, 16, 18, 4, 4), (1, 2, 19, 23, 1, 1), (3, 2, 13, 12, 6, 5)]	-10.9694	1
102	[(1, 2, 16, 18, 3, 3), (1, 2, 19, 23, 2, 2), (3, 2, 8, 8, 2, 2), (3, 2, 13, 12, 3, 3)]	-10.9559	1
103	[(1, 2, 16, 18, 4, 4), (1, 2, 19, 23, 2, 2), (3, 2, 13, 12, 3, 3)]	-10.9541	2
104	[(1, 0, 6, 10, 1, 1), (1, 2, 16, 18, 3, 3), (1, 2, 19, 23, 2, 2), (3, 2, 8, 8, 2, 2), (3, 2, 13, 12, 3, 3)]	-10.9451	3
105	[(1, 0, 6, 10, 1, 1), (1, 2, 16, 18, 4, 4), (1, 2, 19, 23, 2, 2), (3, 2, 13, 12, 3, 3)]	-10.9444	1
106	[(1, 0, 7, 7, 2, 2), (1, 2, 16, 18, 4, 4), (1, 2, 19, 23, 1, 1), (3, 2, 7, 7, 2, 2), (3, 2, 13, 12, 3, 3)]	-10.9372	2
107	[(1, 0, 6, 10, 1, 1), (1, 2, 16, 18, 4, 4), (3, 2, 9, 9, 4, 4), (3, 2, 13, 12, 2, 2)]	-10.9062	2
108	[(1, 0, 7, 7, 2, 2), (1, 2, 16, 18, 3, 3), (1, 2, 19, 23, 2, 2), (3, 2, 13, 12, 6, 5)]	-10.8844	1
109	[(1, 2, 19, 23, 7, 9), (3, 2, 9, 9, 3, 3), (3, 2, 13, 12, 2, 2)]	-10.8721	2
110	[(1, 0, 6, 10, 1, 1), (1, 2, 19, 23, 7, 9), (3, 2, 9, 9, 3, 3), (3, 2, 13, 12, 2, 2)]	-10.8713	1
111	[(1, 2, 16, 18, 3, 3), (3, 2, 13, 12, 7, 6)]	-10.8677	2
112	[(1, 0, 7, 7, 2, 2), (1, 2, 16, 18, 4, 4), (1, 2, 19, 23, 2, 2), (3, 2, 11, 12, 6, 7)]	-10.8555	2
113	[(1, 0, 7, 7, 2, 2), (1, 2, 16, 18, 4, 4), (3, 2, 9, 9, 3, 3), (3, 2, 13, 12, 2, 2)]	-10.8061	2
114	[(1, 0, 7, 7, 2, 2), (1, 2, 19, 23, 6, 8), (3, 2, 8, 8, 3, 3), (3, 2, 13, 12, 3, 3)]	-10.7894	1
115	[(1, 2, 16, 18, 3, 3), (1, 2, 19, 23, 1, 1), (3, 2, 8, 8, 3, 3), (3, 2, 13, 12, 3, 3)]	-10.7575	1
116	[(1, 0, 6, 10, 1, 1), (1, 2, 16, 18, 3, 3), (1, 2, 19, 23, 1, 1), (3, 2, 8, 8, 3, 3), (3, 2, 13, 12, 3, 3)]	-10.7473	2
117	[(1, 0, 6, 10, 1, 1), (1, 2, 16, 18, 3, 3), (1, 2, 19, 23, 2, 2), (3, 2, 9, 9, 3, 3), (3, 2, 13, 12, 2, 2)]	-10.7447	2
118	[(1, 2, 16, 18, 4, 4), (1, 2, 19, 23, 2, 2), (3, 2, 8, 8, 3, 3), (3, 2, 13, 12, 2, 2)]	-10.7386	1
119	[(1, 0, 6, 10, 1, 1), (1, 2, 16, 18, 4, 4), (1, 2, 19, 23, 2, 2), (3, 2, 8, 8, 3, 3), (3, 2, 13, 12, 2, 2)]	-10.7289	1
120	[(1, 2, 19, 23, 7, 9), (3, 2, 13, 12, 6, 5)]	-10.7178	1
121	[(1, 0, 6, 10, 1, 1), (1, 2, 19, 23, 7, 9), (3, 2, 13, 12, 6, 5)]	-10.717	1
122	[(1, 0, 7, 7, 2, 2), (1, 2, 19, 23, 7, 9), (3, 2, 7, 7, 2, 2), (3, 2, 13, 12, 3, 3)]	-10.6793	1
123	[(1, 0, 7, 7, 2, 2), (1, 2, 16, 18, 4, 4), (1, 2, 19, 23, 2, 2), (3, 2, 8, 8, 2, 2), (3, 2, 13, 12, 2, 2)]	-10.6289	1
124	[(1, 0, 7, 7, 2, 2), (1, 2, 19, 23, 6, 8), (3, 2, 9, 9, 4, 4), (3, 2, 13, 12, 2, 2)]	-10.5884	1
125	[(1, 2, 16, 18, 3, 3), (1, 2, 19, 23, 1, 1), (3, 2, 9, 9, 4, 4), (3, 2, 13, 12, 2, 2)]	-10.5571	2
126	[(1, 0, 6, 10, 1, 1), (1, 2, 16, 18, 4, 4), (1, 2, 19, 23, 2, 2), (3, 2, 11, 12, 6, 7)]	-10.5555	1
127	[(1, 0, 7, 7, 2, 2), (1, 2, 16, 18, 4, 4), (1, 2, 19, 23, 2, 2), (3, 2, 9, 9, 2, 2), (3, 2, 13, 12, 2, 2)]	-10.5288	1
128	[(1, 2, 16, 18, 4, 4), (3, 2, 9, 9, 3, 3), (3, 2, 13, 12, 2, 2)]	-10.5086	2
129	[(1, 0, 6, 10, 1, 1), (1, 2, 16, 18, 4, 4), (3, 2, 9, 9, 3, 3), (3, 2, 13, 12, 2, 2)]	-10.5061	2
130	[(1, 0, 6, 10, 1, 1), (1, 2, 19, 23, 6, 8), (3, 2, 8, 8, 3, 3), (3, 2, 13, 12, 3, 3)]	-10.4894	2
131	[(1, 0, 7, 7, 2, 2), (1, 2, 16, 18, 3, 3), (1, 2, 19, 23, 1, 1), (3, 2, 9, 9, 3, 3), (3, 2, 13, 12, 2, 2)]	-10.4468	2
132	[(1, 0, 7, 7, 2, 2), (1, 2, 16, 18, 4, 4), (1, 2, 19, 23, 1, 1), (3, 2, 8, 8, 3, 3), (3, 2, 13, 12, 2, 2)]	-10.431	1
133	[(1, 0, 7, 7, 2, 2), (1, 2, 16, 18, 4, 4), (1, 2, 19, 23, 2, 2), (3, 2, 12, 11, 6, 5)]	-10.4136	1
134	[(1, 2, 19, 23, 7, 9), (3, 2, 7, 7, 2, 2), (3, 2, 13, 12, 3, 3)]	-10.3801	1
135	[(1, 0, 6, 10, 1, 1), (1, 2, 19, 23, 7, 9), (3, 2, 7, 7, 2, 2), (3, 2, 13, 12, 3, 3)]	-10.3793	2
136	[(1, 2, 16, 18, 4, 4), (3, 2, 13, 12, 6, 5)]	-10.3482	1
137	[(1, 0, 6, 10, 1, 1), (1, 2, 16, 18, 4, 4), (3, 2, 13, 12, 6, 5)]	-10.3457	1
138	[(1, 2, 16, 18, 4, 4), (1, 2, 19, 23, 2, 2), (3, 2, 9, 9, 4, 4), (3, 2, 11, 12, 1, 1)]	-10.3386	2
139	[(1, 0, 6, 10, 1, 1), (1, 2, 16, 18, 4, 4), (1, 2, 19, 23, 2, 2), (3, 2, 8, 8, 2, 2), (3, 2, 13, 12, 2, 2)]	-10.3289	1
140	[(1, 0, 7, 7, 2, 2), (1, 2, 16, 18, 4, 4), (3, 2, 7, 7, 2, 2), (3, 2, 13, 12, 3, 3)]	-10.3135	1
141	[(1, 2, 19, 23, 6, 8), (3, 2, 9, 9, 4, 4), (3, 2, 13, 12, 2, 2)]	-10.2903	1
142	[(1, 0, 6, 10, 1, 1), (1, 2, 16, 18, 3, 3), (1, 2, 19, 23, 2, 2), (3, 2, 7, 7, 2, 2), (3, 2, 13, 12, 3, 3)]	-10.2521	1
143	[(1, 2, 16, 18, 4, 4), (1, 2, 19, 23, 2, 2), (3, 2, 9, 9, 2, 2), (3, 2, 13, 12, 2, 2)]	-10.2385	1
144	[(1, 0, 7, 7, 2, 2), (1, 2, 16, 18, 4, 4), (1, 2, 19, 23, 2, 2), (3, 2, 11, 10, 6, 5)]	-10.2313	1
145	[(1, 0, 7, 7, 2, 2), (1, 2, 16, 18, 4, 4), (1, 2, 19, 23, 2, 2), (3, 2, 9, 9, 3, 3), (3, 2, 11, 12, 1, 1)]	-10.2288	1
146	[(1, 0, 6, 10, 1, 1), (1, 2, 16, 18, 4, 4), (1, 2, 19, 23, 2, 2), (3, 2, 9, 9, 2, 2), (3, 2, 13, 12, 2, 2)]	-10.2287	1
147	[(1, 0, 7, 7, 2, 2), (1, 2, 16, 18, 4, 4), (1, 2, 19, 23, 2, 2), (3, 2, 9, 9, 4, 4)]	-10.1913	1
148	[(1, 0, 6, 10, 1, 1), (1, 2, 16, 18, 4, 4), (1, 2, 19, 23, 2, 2), (3, 2, 11, 12, 5, 6)]	-10.1553	1
149	[(1, 0, 6, 10, 1, 1), (1, 2, 16, 18, 3, 3), (1, 2, 19, 23, 1, 1), (3, 2, 9, 9, 3, 3), (3, 2, 13, 12, 2, 2)]	-10.1468	1
150	[(1, 0, 6, 10, 1, 1), (1, 2, 16, 18, 3, 3), (3, 2, 8, 8, 3, 3), (3, 2, 13, 12, 3, 3)]	-10.1236	1
151	[(1, 0, 7, 7, 2, 2), (1, 2, 18, 22, 6, 8), (3, 2, 13, 12, 8, 7)]	-10.1173	1
152	[(1, 0, 7, 7, 2, 2), (1, 2, 16, 18, 4, 4), (1, 2, 19, 23, 1, 1), (3, 2, 9, 9, 4, 4), (3, 2, 11, 12, 1, 1)]	-10.0309	1
153	[(1, 0, 7, 7, 2, 2), (1, 2, 16, 18, 4, 4), (3, 2, 13, 12, 3, 3)]	-10.0227	1
154	[(1, 2, 16, 18, 3, 3), (1, 2, 19, 23, 1, 1), (3, 2, 13, 12, 6, 5)]	-9.99662	1
155	[(1, 0, 6, 10, 1, 1), (1, 2, 16, 18, 3, 3), (1, 2, 19, 23, 2, 2), (3, 2, 13, 12, 3, 3)]	-9.96132	1
156	[(1, 2, 19, 23, 6, 8), (3, 2, 9, 9, 3, 3), (3, 2, 13, 12, 2, 2)]	-9.89015	1
157	[(1, 0, 6, 10, 1, 1), (1, 2, 19, 23, 6, 8), (3, 2, 9, 9, 3, 3), (3, 2, 13, 12, 2, 2)]	-9.88826	1
158	[(1, 0, 7, 7, 2, 2), (1, 2, 16, 18, 3, 3), (1, 2, 19, 23, 2, 2), (3, 2, 11, 12, 6, 7)]	-9.87248	1
159	[(1, 0, 6, 10, 1, 1), (1, 2, 18, 22, 6, 8), (3, 2, 13, 12, 8, 7)]	-9.81726	2
160	[(1, 0, 7, 7, 2, 2), (1, 2, 19, 23, 7, 9), (3, 2, 8, 8, 2, 2), (3, 2, 13, 12, 2, 2)]	-9.77243	1
161	[(1, 0, 7, 7, 2, 2), (1, 2, 19, 23, 7, 9), (3, 2, 9, 9, 4, 4), (3, 2, 11, 12, 1, 1)]	-9.77114	1
162	[(1, 2, 16, 18, 3, 3), (1, 2, 19, 23, 2, 2), (3, 2, 8, 8, 3, 3), (3, 2, 13, 12, 2, 2)]	-9.75669	1
163	[(1, 0, 6, 10, 1, 1), (1, 2, 16, 18, 3, 3), (1, 2, 19, 23, 2, 2), (3, 2, 8, 8, 3, 3), (3, 2, 13, 12, 2, 2)]	-9.74586	1
164	[(1, 0, 6, 10, 1, 1), (1, 2, 19, 23, 6, 8), (3, 2, 13, 12, 6, 5)]	-9.73391	1
165	[(1, 0, 6, 10, 1, 1), (1, 2, 16, 18, 4, 4), (1, 2, 19, 23, 1, 1), (3, 2, 8, 8, 2, 2), (3, 2, 13, 12, 2, 2)]	-9.73089	1
166	[(1, 0, 6, 10, 1, 1), (1, 2, 16, 18, 4, 4), (1, 2, 19, 23, 1, 1), (3, 2, 9, 9, 4, 4), (3, 2, 11, 12, 1, 1)]	-9.73088	2
167	[(1, 0, 6, 10, 1, 1), (1, 2, 16, 18, 3, 3), (3, 2, 8, 8, 2, 2), (3, 2, 13, 12, 3, 3)]	-9.72337	1
168	[(1, 0, 7, 7, 2, 2), (1, 2, 19, 23, 7, 9), (3, 2, 9, 9, 2, 2), (3, 2, 13, 12, 2, 2)]	-9.67227	2
169	[(1, 0, 6, 10, 1, 1), (1, 2, 16, 18, 3, 3), (1, 2, 19, 23, 1, 1), (3, 2, 7, 7, 2, 2), (3, 2, 13, 12, 3, 3)]	-9.65413	1
170	[(1, 0, 7, 7, 2, 2), (1, 2, 16, 18, 4, 4), (1, 2, 19, 23, 1, 1), (3, 2, 11, 10, 6, 5)]	-9.6319	2
171	[(1, 0, 6, 10, 1, 1), (1, 2, 19, 23, 7, 9), (3, 2, 12, 11, 7, 6)]	-9.61692	1
172	[(1, 2, 16, 18, 3, 3), (1, 2, 19, 23, 2, 2), (3, 2, 11, 12, 6, 7)]	-9.58328	1
173	[(1, 0, 6, 10, 1, 1), (1, 2, 16, 18, 3, 3), (1, 2, 19, 23, 2, 2), (3, 2, 11, 12, 6, 7)]	-9.57244	1
174	[(1, 2, 16, 18, 4, 4), (1, 2, 19, 23, 2, 2), (3, 2, 11, 10, 5, 4)]	-9.54092	2
175	[(1, 2, 16, 18, 4, 4), (1, 2, 19, 23, 2, 2), (3, 2, 8, 8, 3, 3), (3, 2, 12, 11, 2, 2)]	-9.39523	1
176	[(1, 0, 6, 10, 1, 1), (1, 2, 19, 23, 7, 9), (3, 2, 9, 9, 2, 2), (3, 2, 13, 12, 2, 2)]	-9.37223	2
177	[(1, 0, 7, 7, 2, 2), (1, 2, 16, 18, 3, 3), (3, 2, 7, 7, 2, 2), (3, 2, 13, 12, 3, 3)]	-9.33046	1
178	[(1, 0, 7, 7, 2, 2), (1, 2, 16, 18, 4, 4), (1, 2, 19, 23, 2, 2), (3, 2, 8, 8, 2, 2), (3, 2, 12, 11, 2, 2)]	-9.28522	1
179	[(1, 2, 16, 18, 4, 4), (3, 2, 12, 11, 7, 6)]	-9.24799	1
180	[(1, 0, 6, 10, 1, 1), (1, 2, 16, 18, 4, 4), (3, 2, 12, 11, 7, 6)]	-9.24554	1
181	[(1, 0, 7, 7, 2, 2), (1, 2, 16, 18, 4, 4), (1, 2, 19, 23, 2, 2), (3, 2, 8, 8, 3, 3), (3, 2, 11, 12, 1, 1)]	-9.22992	1
182	[(1, 0, 6, 10, 1, 1), (1, 2, 16, 18, 3, 3), (1, 2, 19, 23, 2, 2), (3, 2, 11, 12, 5, 6)]	-9.17227	1
183	[(1, 0, 6, 10, 1, 1), (1, 2, 16, 18, 4, 4), (3, 2, 8, 8, 2, 2), (3, 2, 13, 12, 2, 2)]	-9.10719	1
184	[(1, 0, 7, 7, 2, 2), (1, 2, 19, 23, 6, 8), (3, 2, 11, 12, 6, 7)]	-9.02217	1
185	[(1, 0, 7, 7, 2, 2), (1, 2, 15, 17, 3, 3), (1, 2, 19, 23, 1, 1), (3, 2, 13, 12, 8, 7)]	-8.86989	1
186	[(1, 0, 7, 7, 2, 2), (1, 2, 16, 18, 3, 3), (1, 2, 19, 23, 1, 1), (3, 2, 12, 11, 6, 5)]	-8.83219	1
187	[(1, 2, 16, 18, 3, 3), (1, 2, 19, 23, 1, 1), (3, 2, 9, 9, 4, 4), (3, 2, 11, 12, 1, 1)]	-8.75808	1
188	[(1, 0, 6, 10, 1, 1), (1, 2, 12, 17, 2, 2), (1, 2, 19, 23, 1, 1), (3, 2, 13, 12, 8, 7)]	-8.64253	1
189	[(1, 2, 6, 10, 1, 1), (1, 2, 16, 18, 4, 4), (1, 2, 19, 23, 2, 2), (3, 2, 8, 8, 2, 2), (3, 2, 11, 12, 1, 1)]	-8.54057	1
190	[(1, 0, 7, 7, 2, 2), (1, 2, 16, 18, 4, 4), (3, 2, 8, 8, 3, 3), (3, 2, 12, 11, 2, 2)]	-8.41134	1
191	[(1, 2, 16, 18, 3, 3), (1, 2, 19, 23, 2, 2), (3, 2, 13, 12, 2, 2)]	-8.37293	1
192	[(1, 0, 7, 7, 2, 2), (1, 2, 16, 18, 4, 5), (1, 2, 19, 23, 2, 2), (3, 2, 9, 9, 3, 3), (3, 2, 13, 12, 2, 2)]	-8.22833	1
193	[(1, 2, 16, 18, 4, 5), (1, 2, 19, 23, 2, 2), (3, 2, 8, 8, 2, 2), (3, 2, 13, 12, 3, 3)]	-8.13834	1
194	[(1, 0, 7, 7, 2, 2), (1, 2, 17, 20, 5, 6), (3, 2, 9, 9, 4, 4), (3, 2, 13, 12, 2, 2)]	-8.10552	1
195	[(1, 0, 7, 7, 2, 2), (1, 2, 19, 23, 7, 9), (3, 2, 9, 9, 2, 2), (3, 2, 11, 12, 1, 1)]	-7.872	1
196	[(1, 2, 6, 10, 1, 1), (1, 2, 16, 18, 4, 4), (1, 2, 19, 23, 2, 2), (3, 2, 7, 7, 2, 2), (3, 2, 11, 12, 1, 1)]	-7.84113	1
197	[(1, 2, 14, 16, 2, 2), (1, 2, 19, 23, 2, 2), (3, 2, 8, 8, 3, 3), (3, 2, 13, 12, 3, 3)]	-7.73036	1
198	[(1, 0, 6, 10, 1, 1), (1, 2, 14, 16, 2, 2), (3, 2, 13, 12, 8, 7)]	-7.54596	1
199	[(1, 2, 14, 16, 2, 2), (1, 2, 19, 23, 2, 2), (3, 2, 8, 8, 2, 2), (3, 2, 13, 12, 3, 3)]	-7.33017	1
200	[(1, 0, 6, 10, 1, 1), (1, 2, 16, 18, 4, 4), (1, 2, 19, 23, 1, 1), (3, 2, 13, 12, 5, 7)]	-7.14922	1
201	[(1, 0, 6, 10, 1, 1), (1, 2, 16, 18, 4, 5), (3, 2, 9, 9, 4, 4), (3, 2, 13, 12, 2, 2)]	-7.1067	1
202	[(1, 0, 6, 10, 1, 1), (1, 2, 15, 17, 3, 3), (1, 2, 19, 23, 1, 1), (3, 2, 8, 8, 2, 2), (3, 2, 13, 12, 3, 3)]	-7.03025	1
203	[(1, 2, 15, 17, 3, 3), (1, 2, 19, 23, 1, 1), (3, 2, 7, 7, 2, 2), (3, 2, 13, 12, 3, 3)]	-6.41057	1
